
# Surface 0 of 1 surfaces

# Curve title: "f(x,y)"

# Contour 0, label:        0
 0  6.53775  0 
 0  6.56345  0 
 0  6.58916  0 
 0  6.61486  0 
 0  6.64056  0 
 0  6.66627  0 
 0  6.69197  0 
 0  6.71767  0 
 0  6.74337  0 
 0  6.76908  0 
 0  6.79478  0 
 0  6.82048  0 
 0  6.84618  0 
 0  6.87189  0 
 0  6.89759  0 
 0  6.92329  0 
 0  6.949  0 
 0  6.9747  0 
 0  7.0004  0 
 0  7.0261  0 
 0  7.05181  0 
 0  7.07751  0 
 0  7.10321  0 
 0  7.12892  0 
 0  7.15462  0 
 0  7.18032  0 
 0  7.20602  0 
 0  7.23173  0 
 0  7.25743  0 
 0  7.28313  0 
 0  7.30884  0 
 0  7.33454  0 
 0  7.36024  0 
 0  7.38594  0 
 0  7.41165  0 
 0  7.43735  0 
 0  7.46305  0 
 0  7.48876  0 
 0  7.51446  0 
 0  7.54016  0 
 0  7.56586  0 
 0  7.59157  0 
 0  7.61727  0 
 0  7.64297  0 
 0  7.66867  0 
 0  7.69438  0 
 0  7.72008  0 
 0  7.74578  0 
 0  7.77149  0 
 0  7.79719  0 
 0  7.82289  0 
 0  7.84859  0 
 0  7.8743  0 
 0  7.9  0 

# Contour 1, label: 
 0  4.01888  0 
 0  4.04458  0 
 0  4.07028  0 
 0  4.09598  0 
 0  4.12169  0 
 0  4.14739  0 
 0  4.17309  0 
 0  4.1988  0 
 0  4.2245  0 
 0  4.2502  0 
 0  4.2759  0 
 0  4.30161  0 
 0  4.32731  0 
 0  4.35301  0 
 0  4.37871  0 
 0  4.40442  0 
 0  4.43012  0 
 0  4.45582  0 
 0  4.48153  0 
 0  4.50723  0 
 0  4.53293  0 
 0  4.55863  0 
 0  4.58434  0 
 0  4.61004  0 
 0  4.63574  0 
 0  4.66145  0 
 0  4.68715  0 
 0  4.71285  0 
 0  4.73855  0 
 0  4.76426  0 
 0  4.78996  0 
 0  4.81566  0 
 0  4.84137  0 
 0  4.86707  0 
 0  4.89277  0 
 0  4.91847  0 
 0  4.94418  0 
 0  4.96988  0 
 0  4.99558  0 
 0  5.02129  0 
 0  5.04699  0 
 0  5.07269  0 
 0  5.09839  0 
 0  5.1241  0 
 0  5.1498  0 
 0  5.1755  0 
 0  5.2012  0 
 0  5.22691  0 
 0  5.25261  0 
 0  5.27831  0 
 0  5.30402  0 
 0  5.32972  0 
 0  5.35542  0 
 0  5.38112  0 
 0  5.40683  0 
 0  5.43253  0 
 0  5.45823  0 
 0  5.48394  0 
 0  5.50964  0 
 0  5.53534  0 
 0  5.56104  0 
 0  5.58675  0 
 0  5.61245  0 
 0  5.63815  0 
 0  5.66386  0 
 0  5.68956  0 
 0  5.71526  0 
 0  5.74096  0 
 0  5.76667  0 
 0  5.79237  0 
 0  5.81807  0 
 0  5.84378  0 
 0  5.86948  0 
 0  5.89518  0 
 0  5.92088  0 
 0  5.94659  0 
 0  5.97229  0 
 0  5.99799  0 
 0  6.02369  0 
 0  6.0494  0 
 0  6.0751  0 
 0  6.1008  0 
 0  6.12651  0 
 0  6.15221  0 
 0  6.17791  0 
 0  6.20361  0 
 0  6.22932  0 
 0  6.25502  0 
 0  6.28072  0 
 0  6.30643  0 
 0  6.33213  0 
 0  6.35783  0 
 0  6.38353  0 
 0  6.40924  0 
 0  6.43494  0 
 0  6.46064  0 
 0  6.48635  0 
 0  6.51205  0 
 0  6.53775  0 

# Contour 2, label: 
 0  1.5  0 
 0  1.5257  0 
 0  1.55141  0 
 0  1.57711  0 
 0  1.60281  0 
 0  1.62851  0 
 0  1.65422  0 
 0  1.67992  0 
 0  1.70562  0 
 0  1.73133  0 
 0  1.75703  0 
 0  1.78273  0 
 0  1.80843  0 
 0  1.83414  0 
 0  1.85984  0 
 0  1.88554  0 
 0  1.91124  0 
 0  1.93695  0 
 0  1.96265  0 
 0  1.98835  0 
 0  2.01406  0 
 0  2.03976  0 
 0  2.06546  0 
 0  2.09116  0 
 0  2.11687  0 
 0  2.14257  0 
 0  2.16827  0 
 0  2.19398  0 
 0  2.21968  0 
 0  2.24538  0 
 0  2.27108  0 
 0  2.29679  0 
 0  2.32249  0 
 0  2.34819  0 
 0  2.3739  0 
 0  2.3996  0 
 0  2.4253  0 
 0  2.451  0 
 0  2.47671  0 
 0  2.50241  0 
 0  2.52811  0 
 0  2.55382  0 
 0  2.57952  0 
 0  2.60522  0 
 0  2.63092  0 
 0  2.65663  0 
 0  2.68233  0 
 0  2.70803  0 
 0  2.73373  0 
 0  2.75944  0 
 0  2.78514  0 
 0  2.81084  0 
 0  2.83655  0 
 0  2.86225  0 
 0  2.88795  0 
 0  2.91365  0 
 0  2.93936  0 
 0  2.96506  0 
 0  2.99076  0 
 0  3.01647  0 
 0  3.04217  0 
 0  3.06787  0 
 0  3.09357  0 
 0  3.11928  0 
 0  3.14498  0 
 0  3.17068  0 
 0  3.19639  0 
 0  3.22209  0 
 0  3.24779  0 
 0  3.27349  0 
 0  3.2992  0 
 0  3.3249  0 
 0  3.3506  0 
 0  3.37631  0 
 0  3.40201  0 
 0  3.42771  0 
 0  3.45341  0 
 0  3.47912  0 
 0  3.50482  0 
 0  3.53052  0 
 0  3.55622  0 
 0  3.58193  0 
 0  3.60763  0 
 0  3.63333  0 
 0  3.65904  0 
 0  3.68474  0 
 0  3.71044  0 
 0  3.73614  0 
 0  3.76185  0 
 0  3.78755  0 
 0  3.81325  0 
 0  3.83896  0 
 0  3.86466  0 
 0  3.89036  0 
 0  3.91606  0 
 0  3.94177  0 
 0  3.96747  0 
 0  3.99317  0 
 0  4.01888  0 


# Contour 3, label:     -0.5
 1.90909  4.9794 -0.5 
 1.84545  4.97613 -0.5 
 1.78182  4.97394 -0.5 
 1.71818  4.97276 -0.5 
 1.65455  4.97254 -0.5 
 1.59091  4.97327 -0.5 
 1.52727  4.97495 -0.5 
 1.46364  4.9776 -0.5 
 1.4  4.98126 -0.5 
 1.33636  4.98598 -0.5 
 1.27273  4.99186 -0.5 

# Contour 4, label: 
 2.97812  7.0261 -0.5 
 2.98073  7.0004 -0.5 
 2.9831  6.9747 -0.5 
 2.98526  6.949 -0.5 
 2.98722  6.92329 -0.5 
 2.989  6.89759 -0.5 
 2.9906  6.87189 -0.5 
 2.99091  6.86645 -0.5 
 2.99201  6.84618 -0.5 
 2.99326  6.82048 -0.5 
 2.99437  6.79478 -0.5 
 2.99534  6.76908 -0.5 
 2.99618  6.74337 -0.5 
 2.9969  6.71767 -0.5 
 2.99749  6.69197 -0.5 
 2.99797  6.66627 -0.5 
 2.99834  6.64056 -0.5 
 2.9986  6.61486 -0.5 
 2.99875  6.58916 -0.5 
 2.99879  6.56345 -0.5 
 2.99873  6.53775 -0.5 
 2.99857  6.51205 -0.5 
 2.99831  6.48635 -0.5 
 2.99795  6.46064 -0.5 
 2.99749  6.43494 -0.5 
 2.99693  6.40924 -0.5 
 2.99627  6.38353 -0.5 
 2.99551  6.35783 -0.5 
 2.99464  6.33213 -0.5 
 2.99367  6.30643 -0.5 
 2.9926  6.28072 -0.5 
 2.99142  6.25502 -0.5 
 2.99091  6.24484 -0.5 
 2.9901  6.22932 -0.5 
 2.98866  6.20361 -0.5 
 2.9871  6.17791 -0.5 
 2.98541  6.15221 -0.5 
 2.9836  6.12651 -0.5 
 2.98165  6.1008 -0.5 
 2.97956  6.0751 -0.5 
 2.97733  6.0494 -0.5 
 2.97496  6.02369 -0.5 
 2.97242  5.99799 -0.5 
 2.96972  5.97229 -0.5 
 2.96685  5.94659 -0.5 
 2.96379  5.92088 -0.5 
 2.96055  5.89518 -0.5 
 2.95709  5.86948 -0.5 
 2.95343  5.84378 -0.5 
 2.94953  5.81807 -0.5 
 2.94538  5.79237 -0.5 
 2.94098  5.76667 -0.5 
 2.93629  5.74096 -0.5 
 2.93131  5.71526 -0.5 
 2.92727  5.69563 -0.5 
 2.92595  5.68956 -0.5 
 2.92011  5.66386 -0.5 
 2.91387  5.63815 -0.5 
 2.90721  5.61245 -0.5 
 2.90009  5.58675 -0.5 
 2.89248  5.56104 -0.5 
 2.88431  5.53534 -0.5 
 2.87555  5.50964 -0.5 
 2.86614  5.48394 -0.5 
 2.86364  5.47743 -0.5 
 2.8557  5.45823 -0.5 
 2.84434  5.43253 -0.5 
 2.83205  5.40683 -0.5 
 2.81873  5.38112 -0.5 
 2.80426  5.35542 -0.5 
 2.8  5.34826 -0.5 
 2.78799  5.32972 -0.5 
 2.77  5.30402 -0.5 
 2.75026  5.27831 -0.5 
 2.73636  5.26158 -0.5 
 2.72816  5.25261 -0.5 
 2.70297  5.22691 -0.5 
 2.675  5.2012 -0.5 
 2.67273  5.19923 -0.5 
 2.64221  5.1755 -0.5 
 2.60909  5.15232 -0.5 
 2.60503  5.1498 -0.5 
 2.56077  5.1241 -0.5 
 2.54545  5.1159 -0.5 
 2.50805  5.09839 -0.5 
 2.48182  5.087 -0.5 
 2.44374  5.07269 -0.5 
 2.41818  5.06368 -0.5 
 2.36273  5.04699 -0.5 
 2.35455  5.04465 -0.5 
 2.29091  5.02899 -0.5 
 2.25353  5.02129 -0.5 
 2.22727  5.01607 -0.5 
 2.16364  5.00541 -0.5 
 2.1  4.99667 -0.5 
 2.0905  4.99558 -0.5 
 2.03636  4.98953 -0.5 
 1.97273  4.98382 -0.5 
 1.90909  4.9794 -0.5 

# Contour 5, label: 
 0.198313  7.0261 -0.5 
 0.201573  7.05181 -0.5 
 0.205151  7.07751 -0.5 
 0.209078  7.10321 -0.5 
 0.213386  7.12892 -0.5 
 0.218114  7.15462 -0.5 
 0.223306  7.18032 -0.5 
 0.229014  7.20602 -0.5 
 0.235299  7.23173 -0.5 
 0.242231  7.25743 -0.5 
 0.249894  7.28313 -0.5 
 0.254545  7.29742 -0.5 
 0.258444  7.30884 -0.5 
 0.268026  7.33454 -0.5 
 0.27872  7.36024 -0.5 
 0.290705  7.38594 -0.5 
 0.304204  7.41165 -0.5 
 0.318182  7.43524 -0.5 
 0.319515  7.43735 -0.5 
 0.337263  7.46305 -0.5 
 0.357644  7.48876 -0.5 
 0.381253  7.51446 -0.5 
 0.381818  7.51502 -0.5 
 0.409489  7.54016 -0.5 
 0.44294  7.56586 -0.5 
 0.445455  7.5676 -0.5 
 0.48413  7.59157 -0.5 
 0.509091  7.60489 -0.5 
 0.535342  7.61727 -0.5 
 0.572727  7.63273 -0.5 
 0.601229  7.64297 -0.5 
 0.636364  7.65421 -0.5 
 0.689519  7.66867 -0.5 
 0.7  7.67124 -0.5 
 0.763636  7.68491 -0.5 
 0.816383  7.69438 -0.5 
 0.827273  7.69617 -0.5 
 0.890909  7.7054 -0.5 
 0.954545  7.71314 -0.5 
 1.01818  7.71965 -0.5 
 1.02296  7.72008 -0.5 
 1.08182  7.72504 -0.5 
 1.14545  7.72956 -0.5 
 1.20909  7.73333 -0.5 
 1.27273  7.73644 -0.5 
 1.33636  7.73896 -0.5 
 1.4  7.74094 -0.5 
 1.46364  7.74242 -0.5 
 1.52727  7.74343 -0.5 
 1.59091  7.74398 -0.5 
 1.65455  7.74408 -0.5 
 1.71818  7.74372 -0.5 
 1.78182  7.7429 -0.5 
 1.84545  7.7416 -0.5 
 1.90909  7.73977 -0.5 
 1.97273  7.73739 -0.5 
 2.03636  7.73438 -0.5 
 2.1  7.73066 -0.5 
 2.16364  7.72613 -0.5 
 2.22727  7.72065 -0.5 
 2.23298  7.72008 -0.5 
 2.29091  7.71391 -0.5 
 2.35455  7.70574 -0.5 
 2.41818  7.69581 -0.5 
 2.42613  7.69438 -0.5 
 2.48182  7.68341 -0.5 
 2.54276  7.66867 -0.5 
 2.54545  7.66795 -0.5 
 2.60909  7.64805 -0.5 
 2.6228  7.64297 -0.5 
 2.67273  7.62188 -0.5 
 2.68212  7.61727 -0.5 
 2.72785  7.59157 -0.5 
 2.73636  7.58609 -0.5 
 2.76412  7.56586 -0.5 
 2.79404  7.54016 -0.5 
 2.8  7.53441 -0.5 
 2.81862  7.51446 -0.5 
 2.83945  7.48876 -0.5 
 2.85744  7.46305 -0.5 
 2.86364  7.45321 -0.5 
 2.87281  7.43735 -0.5 
 2.88612  7.41165 -0.5 
 2.89789  7.38594 -0.5 
 2.90834  7.36024 -0.5 
 2.91767  7.33454 -0.5 
 2.92604  7.30884 -0.5 
 2.92727  7.30476 -0.5 
 2.9334  7.28313 -0.5 
 2.94001  7.25743 -0.5 
 2.94599  7.23173 -0.5 
 2.95142  7.20602 -0.5 
 2.95636  7.18032 -0.5 
 2.96087  7.15462 -0.5 
 2.96497  7.12892 -0.5 
 2.96872  7.10321 -0.5 
 2.97214  7.07751 -0.5 
 2.97527  7.05181 -0.5 
 2.97812  7.0261 -0.5 

# Contour 6, label: 
 1.27273  4.99186 -0.5 
 1.23922  4.99558 -0.5 
 1.20909  4.99899 -0.5 
 1.14545  5.00748 -0.5 
 1.08182  5.01758 -0.5 
 1.06151  5.02129 -0.5 
 1.01818  5.02945 -0.5 
 0.954545  5.04345 -0.5 
 0.94039  5.04699 -0.5 
 0.890909  5.05992 -0.5 
 0.848452  5.07269 -0.5 
 0.827273  5.0794 -0.5 
 0.774562  5.09839 -0.5 
 0.763636  5.10257 -0.5 
 0.713598  5.1241 -0.5 
 0.7  5.13036 -0.5 
 0.662111  5.1498 -0.5 
 0.636364  5.16409 -0.5 
 0.617737  5.1755 -0.5 
 0.579042  5.2012 -0.5 
 0.572727  5.20568 -0.5 
 0.545286  5.22691 -0.5 
 0.515063  5.25261 -0.5 
 0.509091  5.25801 -0.5 
 0.488323  5.27831 -0.5 
 0.46418  5.30402 -0.5 
 0.445455  5.32572 -0.5 
 0.442243  5.32972 -0.5 
 0.422589  5.35542 -0.5 
 0.404549  5.38112 -0.5 
 0.387943  5.40683 -0.5 
 0.381818  5.41687 -0.5 
 0.37281  5.43253 -0.5 
 0.35893  5.45823 -0.5 
 0.346063  5.48394 -0.5 
 0.334112  5.50964 -0.5 
 0.322991  5.53534 -0.5 
 0.318182  5.54707 -0.5 
 0.312721  5.56104 -0.5 
 0.303212  5.58675 -0.5 
 0.294324  5.61245 -0.5 
 0.286005  5.63815 -0.5 
 0.27821  5.66386 -0.5 
 0.270899  5.68956 -0.5 
 0.264035  5.71526 -0.5 
 0.257586  5.74096 -0.5 
 0.254545  5.75371 -0.5 
 0.251565  5.76667 -0.5 
 0.24594  5.79237 -0.5 
 0.240646  5.81807 -0.5 
 0.235662  5.84378 -0.5 
 0.230968  5.86948 -0.5 
 0.226547  5.89518 -0.5 
 0.222384  5.92088 -0.5 
 0.218463  5.94659 -0.5 
 0.214772  5.97229 -0.5 
 0.211298  5.99799 -0.5 
 0.208032  6.02369 -0.5 
 0.204962  6.0494 -0.5 
 0.20208  6.0751 -0.5 
 0.199377  6.1008 -0.5 
 0.196846  6.12651 -0.5 
 0.194481  6.15221 -0.5 
 0.192275  6.17791 -0.5 
 0.190909  6.19496 -0.5 
 0.19023  6.20361 -0.5 
 0.188346  6.22932 -0.5 
 0.186605  6.25502 -0.5 
 0.185003  6.28072 -0.5 
 0.183536  6.30643 -0.5 
 0.182202  6.33213 -0.5 
 0.180999  6.35783 -0.5 
 0.179923  6.38353 -0.5 
 0.178974  6.40924 -0.5 
 0.178151  6.43494 -0.5 
 0.177451  6.46064 -0.5 
 0.176876  6.48635 -0.5 
 0.176425  6.51205 -0.5 
 0.176099  6.53775 -0.5 
 0.175897  6.56345 -0.5 
 0.175823  6.58916 -0.5 
 0.175877  6.61486 -0.5 
 0.176062  6.64056 -0.5 
 0.176381  6.66627 -0.5 
 0.176837  6.69197 -0.5 
 0.177435  6.71767 -0.5 
 0.178178  6.74337 -0.5 
 0.179072  6.76908 -0.5 
 0.180124  6.79478 -0.5 
 0.181341  6.82048 -0.5 
 0.182731  6.84618 -0.5 
 0.184302  6.87189 -0.5 
 0.186066  6.89759 -0.5 
 0.188033  6.92329 -0.5 
 0.190218  6.949 -0.5 
 0.190909  6.95642 -0.5 
 0.192653  6.9747 -0.5 
 0.195347  7.0004 -0.5 
 0.198313  7.0261 -0.5 

# Contour 7, label: 
 5.98182  5.09708 -0.5 
 5.9577  5.07269 -0.5 
 5.92839  5.04699 -0.5 
 5.91818  5.03889 -0.5 
 5.89263  5.02129 -0.5 
 5.85455  4.99835 -0.5 
 5.84918  4.99558 -0.5 
 5.79384  4.96988 -0.5 
 5.79091  4.96865 -0.5 
 5.72727  4.94611 -0.5 
 5.72072  4.94418 -0.5 
 5.66364  4.92856 -0.5 
 5.61816  4.91847 -0.5 
 5.6  4.91469 -0.5 
 5.53636  4.90356 -0.5 
 5.47273  4.8946 -0.5 
 5.45715  4.89277 -0.5 
 5.40909  4.88733 -0.5 
 5.34545  4.88148 -0.5 
 5.28182  4.87681 -0.5 
 5.21818  4.87315 -0.5 
 5.15455  4.87038 -0.5 
 5.09091  4.86839 -0.5 
 5.02727  4.86712 -0.5 
 5.02155  4.86707 -0.5 
 4.96364  4.86652 -0.5 
 4.9  4.86655 -0.5 

# Contour 8, label: 
 6.10909  7.48302 -0.5 
 6.11698  7.46305 -0.5 
 6.12596  7.43735 -0.5 
 6.13384  7.41165 -0.5 
 6.14082  7.38594 -0.5 
 6.14702  7.36024 -0.5 
 6.15256  7.33454 -0.5 
 6.15754  7.30884 -0.5 
 6.16202  7.28313 -0.5 
 6.16608  7.25743 -0.5 
 6.16976  7.23173 -0.5 
 6.17273  7.20905 -0.5 
 6.1731  7.20602 -0.5 
 6.17605  7.18032 -0.5 
 6.17874  7.15462 -0.5 
 6.18121  7.12892 -0.5 
 6.18346  7.10321 -0.5 
 6.18553  7.07751 -0.5 
 6.18742  7.05181 -0.5 
 6.18916  7.0261 -0.5 
 6.19075  7.0004 -0.5 
 6.19222  6.9747 -0.5 
 6.19355  6.949 -0.5 
 6.19478  6.92329 -0.5 
 6.19589  6.89759 -0.5 
 6.19691  6.87189 -0.5 
 6.19784  6.84618 -0.5 
 6.19867  6.82048 -0.5 
 6.19942  6.79478 -0.5 
 6.2001  6.76908 -0.5 
 6.2007  6.74337 -0.5 
 6.20122  6.71767 -0.5 
 6.20168  6.69197 -0.5 
 6.20207  6.66627 -0.5 
 6.2024  6.64056 -0.5 
 6.20267  6.61486 -0.5 
 6.20287  6.58916 -0.5 
 6.20302  6.56345 -0.5 
 6.20311  6.53775 -0.5 
 6.20314  6.51205 -0.5 
 6.20312  6.48635 -0.5 
 6.20304  6.46064 -0.5 
 6.20291  6.43494 -0.5 
 6.20272  6.40924 -0.5 
 6.20248  6.38353 -0.5 
 6.20218  6.35783 -0.5 
 6.20183  6.33213 -0.5 
 6.20142  6.30643 -0.5 
 6.20096  6.28072 -0.5 
 6.20044  6.25502 -0.5 
 6.19986  6.22932 -0.5 
 6.19922  6.20361 -0.5 
 6.19852  6.17791 -0.5 
 6.19776  6.15221 -0.5 
 6.19693  6.12651 -0.5 
 6.19604  6.1008 -0.5 
 6.19507  6.0751 -0.5 
 6.19404  6.0494 -0.5 
 6.19293  6.02369 -0.5 
 6.19174  5.99799 -0.5 
 6.19047  5.97229 -0.5 
 6.18912  5.94659 -0.5 
 6.18767  5.92088 -0.5 
 6.18613  5.89518 -0.5 
 6.18449  5.86948 -0.5 
 6.18274  5.84378 -0.5 
 6.18088  5.81807 -0.5 
 6.1789  5.79237 -0.5 
 6.1768  5.76667 -0.5 
 6.17455  5.74096 -0.5 
 6.17273  5.72125 -0.5 
 6.17214  5.71526 -0.5 
 6.16949  5.68956 -0.5 
 6.16667  5.66386 -0.5 
 6.16366  5.63815 -0.5 
 6.16044  5.61245 -0.5 
 6.157  5.58675 -0.5 
 6.15332  5.56104 -0.5 
 6.14937  5.53534 -0.5 
 6.14513  5.50964 -0.5 
 6.14057  5.48394 -0.5 
 6.13566  5.45823 -0.5 
 6.13036  5.43253 -0.5 
 6.12463  5.40683 -0.5 
 6.11842  5.38112 -0.5 
 6.11168  5.35542 -0.5 
 6.10909  5.34615 -0.5 
 6.10412  5.32972 -0.5 
 6.09573  5.30402 -0.5 
 6.08654  5.27831 -0.5 
 6.07641  5.25261 -0.5 
 6.06523  5.22691 -0.5 
 6.05281  5.2012 -0.5 
 6.04545  5.18721 -0.5 
 6.03864  5.1755 -0.5 
 6.02233  5.1498 -0.5 
 6.00391  5.1241 -0.5 
 5.98297  5.09839 -0.5 
 5.98182  5.09708 -0.5 

# Contour 9, label: 
 3.28069  6.71767 -0.5 
 3.28137  6.74337 -0.5 
 3.28218  6.76908 -0.5 
 3.2831  6.79478 -0.5 
 3.28416  6.82048 -0.5 
 3.28534  6.84618 -0.5 
 3.28667  6.87189 -0.5 
 3.28816  6.89759 -0.5 
 3.2898  6.92329 -0.5 
 3.29161  6.949 -0.5 
 3.2936  6.9747 -0.5 
 3.29579  7.0004 -0.5 
 3.29819  7.0261 -0.5 
 3.30082  7.05181 -0.5 
 3.3037  7.07751 -0.5 
 3.30685  7.10321 -0.5 
 3.30909  7.12002 -0.5 
 3.31029  7.12892 -0.5 
 3.31405  7.15462 -0.5 
 3.31816  7.18032 -0.5 
 3.32268  7.20602 -0.5 
 3.32765  7.23173 -0.5 
 3.33313  7.25743 -0.5 
 3.33917  7.28313 -0.5 
 3.34587  7.30884 -0.5 
 3.35331  7.33454 -0.5 
 3.36161  7.36024 -0.5 
 3.3709  7.38594 -0.5 
 3.37273  7.3906 -0.5 
 3.38134  7.41165 -0.5 
 3.39315  7.43735 -0.5 
 3.40661  7.46305 -0.5 
 3.42207  7.48876 -0.5 
 3.43636  7.50954 -0.5 
 3.43997  7.51446 -0.5 
 3.46094  7.54016 -0.5 
 3.48577  7.56586 -0.5 
 3.5  7.57867 -0.5 
 3.51567  7.59157 -0.5 
 3.5523  7.61727 -0.5 
 3.56364  7.62416 -0.5 
 3.59834  7.64297 -0.5 
 3.62727  7.65633 -0.5 
 3.65788  7.66867 -0.5 
 3.69091  7.68025 -0.5 
 3.73817  7.69438 -0.5 
 3.75455  7.6987 -0.5 
 3.81818  7.71325 -0.5 
 3.85354  7.72008 -0.5 
 3.88182  7.72501 -0.5 
 3.94545  7.73463 -0.5 
 4.00909  7.74266 -0.5 
 4.03751  7.74578 -0.5 
 4.07273  7.74936 -0.5 
 4.13636  7.75499 -0.5 
 4.2  7.75977 -0.5 
 4.26364  7.76385 -0.5 
 4.32727  7.76732 -0.5 
 4.39091  7.77026 -0.5 
 4.42208  7.77149 -0.5 
 4.45455  7.77271 -0.5 
 4.51818  7.77473 -0.5 
 4.58182  7.77638 -0.5 
 4.64545  7.77769 -0.5 
 4.70909  7.77867 -0.5 
 4.77273  7.77933 -0.5 
 4.83636  7.77969 -0.5 
 4.9  7.77975 -0.5 
 4.96364  7.7795 -0.5 
 5.02727  7.77892 -0.5 
 5.09091  7.778 -0.5 
 5.15455  7.77671 -0.5 
 5.21818  7.77501 -0.5 
 5.28182  7.77284 -0.5 
 5.31418  7.77149 -0.5 
 5.34545  7.77011 -0.5 
 5.40909  7.76673 -0.5 
 5.47273  7.76257 -0.5 
 5.53636  7.75747 -0.5 
 5.6  7.75117 -0.5 
 5.64473  7.74578 -0.5 
 5.66364  7.7433 -0.5 
 5.72727  7.73326 -0.5 
 5.79091  7.72035 -0.5 
 5.79204  7.72008 -0.5 
 5.85455  7.70304 -0.5 
 5.87992  7.69438 -0.5 
 5.91818  7.67909 -0.5 
 5.9397  7.66867 -0.5 
 5.98182  7.64401 -0.5 
 5.98331  7.64297 -0.5 
 6.01588  7.61727 -0.5 
 6.04201  7.59157 -0.5 
 6.04545  7.58771 -0.5 
 6.06267  7.56586 -0.5 
 6.07977  7.54016 -0.5 
 6.09423  7.51446 -0.5 
 6.1066  7.48876 -0.5 
 6.10909  7.48302 -0.5 

# Contour 10, label: 
 4.9  4.86655 -0.5 
 4.84957  4.86707 -0.5 
 4.83636  4.8672 -0.5 
 4.77273  4.86846 -0.5 
 4.70909  4.87034 -0.5 
 4.64545  4.87285 -0.5 
 4.58182  4.87603 -0.5 
 4.51818  4.87993 -0.5 
 4.45455  4.88461 -0.5 
 4.39091  4.89015 -0.5 
 4.36468  4.89277 -0.5 
 4.32727  4.89662 -0.5 
 4.26364  4.90417 -0.5 
 4.2  4.91298 -0.5 
 4.16523  4.91847 -0.5 
 4.13636  4.92324 -0.5 
 4.07273  4.9352 -0.5 
 4.03118  4.94418 -0.5 
 4.00909  4.94923 -0.5 
 3.94545  4.96577 -0.5 
 3.93139  4.96988 -0.5 
 3.88182  4.98543 -0.5 
 3.85321  4.99558 -0.5 
 3.81818  5.00906 -0.5 
 3.78972  5.02129 -0.5 
 3.75455  5.03784 -0.5 
 3.73694  5.04699 -0.5 
 3.69224  5.07269 -0.5 
 3.69091  5.07352 -0.5 
 3.65401  5.09839 -0.5 
 3.62727  5.11871 -0.5 
 3.62069  5.1241 -0.5 
 3.59154  5.1498 -0.5 
 3.56571  5.1755 -0.5 
 3.56364  5.1777 -0.5 
 3.54275  5.2012 -0.5 
 3.52216  5.22691 -0.5 
 3.5036  5.25261 -0.5 
 3.5  5.25792 -0.5 
 3.4868  5.27831 -0.5 
 3.47153  5.30402 -0.5 
 3.45759  5.32972 -0.5 
 3.44483  5.35542 -0.5 
 3.43636  5.37378 -0.5 
 3.4331  5.38112 -0.5 
 3.42227  5.40683 -0.5 
 3.41227  5.43253 -0.5 
 3.40302  5.45823 -0.5 
 3.39445  5.48394 -0.5 
 3.38648  5.50964 -0.5 
 3.37906  5.53534 -0.5 
 3.37273  5.55883 -0.5 
 3.37214  5.56104 -0.5 
 3.36565  5.58675 -0.5 
 3.35957  5.61245 -0.5 
 3.35389  5.63815 -0.5 
 3.34856  5.66386 -0.5 
 3.34356  5.68956 -0.5 
 3.33887  5.71526 -0.5 
 3.33447  5.74096 -0.5 
 3.33032  5.76667 -0.5 
 3.32643  5.79237 -0.5 
 3.32277  5.81807 -0.5 
 3.31932  5.84378 -0.5 
 3.31607  5.86948 -0.5 
 3.31302  5.89518 -0.5 
 3.31014  5.92088 -0.5 
 3.30909  5.93078 -0.5 
 3.30742  5.94659 -0.5 
 3.30486  5.97229 -0.5 
 3.30244  5.99799 -0.5 
 3.30018  6.02369 -0.5 
 3.29805  6.0494 -0.5 
 3.29606  6.0751 -0.5 
 3.2942  6.1008 -0.5 
 3.29246  6.12651 -0.5 
 3.29084  6.15221 -0.5 
 3.28933  6.17791 -0.5 
 3.28794  6.20361 -0.5 
 3.28665  6.22932 -0.5 
 3.28547  6.25502 -0.5 
 3.28439  6.28072 -0.5 
 3.2834  6.30643 -0.5 
 3.28252  6.33213 -0.5 
 3.28173  6.35783 -0.5 
 3.28104  6.38353 -0.5 
 3.28044  6.40924 -0.5 
 3.27994  6.43494 -0.5 
 3.27953  6.46064 -0.5 
 3.27921  6.48635 -0.5 
 3.27898  6.51205 -0.5 
 3.27885  6.53775 -0.5 
 3.27881  6.56345 -0.5 
 3.27887  6.58916 -0.5 
 3.27903  6.61486 -0.5 
 3.27929  6.64056 -0.5 
 3.27965  6.66627 -0.5 
 3.28011  6.69197 -0.5 
 3.28069  6.71767 -0.5 

# Contour 11, label: 
 2.76986  3.09357 -0.5 
 2.7666  3.06787 -0.5 
 2.76302  3.04217 -0.5 
 2.75914  3.01647 -0.5 
 2.75492  2.99076 -0.5 
 2.75038  2.96506 -0.5 
 2.74549  2.93936 -0.5 
 2.74023  2.91365 -0.5 
 2.73636  2.89592 -0.5 
 2.7345  2.88795 -0.5 
 2.72811  2.86225 -0.5 
 2.72129  2.83655 -0.5 
 2.71401  2.81084 -0.5 
 2.70625  2.78514 -0.5 
 2.69798  2.75944 -0.5 
 2.68916  2.73373 -0.5 
 2.67978  2.70803 -0.5 
 2.67273  2.68978 -0.5 
 2.6696  2.68233 -0.5 
 2.65825  2.65663 -0.5 
 2.64616  2.63092 -0.5 
 2.63328  2.60522 -0.5 
 2.61956  2.57952 -0.5 
 2.60909  2.56101 -0.5 
 2.60461  2.55382 -0.5 
 2.58783  2.52811 -0.5 
 2.5699  2.50241 -0.5 
 2.55073  2.47671 -0.5 
 2.54545  2.46996 -0.5 
 2.52895  2.451 -0.5 
 2.50513  2.4253 -0.5 
 2.48182  2.4018 -0.5 
 2.47936  2.3996 -0.5 
 2.44932  2.3739 -0.5 
 2.41818  2.34912 -0.5 
 2.41686  2.34819 -0.5 
 2.3783  2.32249 -0.5 
 2.35455  2.30761 -0.5 
 2.3345  2.29679 -0.5 
 2.29091  2.2745 -0.5 
 2.28304  2.27108 -0.5 
 2.22727  2.24799 -0.5 
 2.22215  2.24538 -0.5 
 2.18111  2.21968 -0.5 
 2.16364  2.20568 -0.5 
 2.14832  2.19398 -0.5 
 2.11196  2.16827 -0.5 
 2.1  2.16042 -0.5 
 2.07027  2.14257 -0.5 
 2.03636  2.12377 -0.5 
 2.02256  2.11687 -0.5 
 1.97273  2.09369 -0.5 
 1.96663  2.09116 -0.5 
 1.90909  2.0689 -0.5 
 1.89892  2.06546 -0.5 
 1.84545  2.04846 -0.5 
 1.81349  2.03976 -0.5 
 1.78182  2.03161 -0.5 
 1.71818  2.01788 -0.5 
 1.69648  2.01406 -0.5 
 1.65455  2.007 -0.5 
 1.59091  1.99866 -0.5 
 1.52727  1.99264 -0.5 
 1.46364  1.98889 -0.5 
 1.44055  1.98835 -0.5 
 1.4  1.98743 -0.5 
 1.33636  1.98822 -0.5 

# Contour 12, label: 
 0.636364  4.04112 -0.5 
 0.638703  4.04458 -0.5 
 0.657441  4.07028 -0.5 
 0.678085  4.09598 -0.5 
 0.7  4.12073 -0.5 
 0.700907  4.12169 -0.5 
 0.727172  4.14739 -0.5 
 0.756316  4.17309 -0.5 
 0.763636  4.17906 -0.5 
 0.789956  4.1988 -0.5 
 0.827273  4.22406 -0.5 
 0.827979  4.2245 -0.5 
 0.87293  4.2502 -0.5 
 0.890909  4.25958 -0.5 
 0.925667  4.2759 -0.5 
 0.954545  4.28837 -0.5 
 0.989042  4.30161 -0.5 
 1.01818  4.31196 -0.5 
 1.06744  4.32731 -0.5 
 1.08182  4.33148 -0.5 
 1.14545  4.34763 -0.5 
 1.1701  4.35301 -0.5 
 1.20909  4.36102 -0.5 
 1.27273  4.3721 -0.5 
 1.31848  4.37871 -0.5 
 1.33636  4.38117 -0.5 
 1.4  4.38837 -0.5 
 1.46364  4.39398 -0.5 
 1.52727  4.39811 -0.5 
 1.59091  4.40083 -0.5 
 1.65455  4.40215 -0.5 
 1.71818  4.4021 -0.5 
 1.78182  4.40065 -0.5 
 1.84545  4.39775 -0.5 
 1.90909  4.39331 -0.5 
 1.97273  4.38722 -0.5 
 2.03636  4.3793 -0.5 
 2.04019  4.37871 -0.5 
 2.1  4.36909 -0.5 
 2.16364  4.35647 -0.5 
 2.17832  4.35301 -0.5 
 2.22727  4.34073 -0.5 
 2.27221  4.32731 -0.5 
 2.29091  4.32132 -0.5 
 2.34354  4.30161 -0.5 
 2.35455  4.29716 -0.5 
 2.40012  4.2759 -0.5 
 2.41818  4.26673 -0.5 
 2.44677  4.2502 -0.5 
 2.48182  4.2279 -0.5 
 2.48658  4.2245 -0.5 
 2.51986  4.1988 -0.5 
 2.54545  4.17689 -0.5 
 2.54945  4.17309 -0.5 
 2.57458  4.14739 -0.5 
 2.5973  4.12169 -0.5 
 2.60909  4.10716 -0.5 
 2.61736  4.09598 -0.5 
 2.63495  4.07028 -0.5 
 2.65098  4.04458 -0.5 
 2.6656  4.01888 -0.5 
 2.67273  4.00533 -0.5 
 2.67863  3.99317 -0.5 
 2.69018  3.96747 -0.5 
 2.70076  3.94177 -0.5 
 2.71046  3.91606 -0.5 
 2.71935  3.89036 -0.5 
 2.7275  3.86466 -0.5 
 2.73497  3.83896 -0.5 
 2.73636  3.83375 -0.5 
 2.74152  3.81325 -0.5 
 2.74744  3.78755 -0.5 
 2.75283  3.76185 -0.5 
 2.75775  3.73614 -0.5 
 2.7622  3.71044 -0.5 
 2.76622  3.68474 -0.5 
 2.76983  3.65904 -0.5 
 2.77306  3.63333 -0.5 
 2.77592  3.60763 -0.5 
 2.77842  3.58193 -0.5 
 2.78059  3.55622 -0.5 
 2.78243  3.53052 -0.5 
 2.78396  3.50482 -0.5 
 2.78518  3.47912 -0.5 
 2.78611  3.45341 -0.5 
 2.78674  3.42771 -0.5 
 2.78709  3.40201 -0.5 
 2.78716  3.37631 -0.5 
 2.78696  3.3506 -0.5 
 2.78648  3.3249 -0.5 
 2.78573  3.2992 -0.5 
 2.78471  3.27349 -0.5 
 2.78342  3.24779 -0.5 
 2.78186  3.22209 -0.5 
 2.78002  3.19639 -0.5 
 2.77791  3.17068 -0.5 
 2.77551  3.14498 -0.5 
 2.77284  3.11928 -0.5 
 2.76986  3.09357 -0.5 

# Contour 13, label: 
 1.33636  1.98822 -0.5 
 1.3336  1.98835 -0.5 
 1.27273  1.99142 -0.5 
 1.20909  1.99716 -0.5 
 1.14545  2.00565 -0.5 
 1.09878  2.01406 -0.5 
 1.08182  2.01728 -0.5 
 1.01818  2.03272 -0.5 
 0.994704  2.03976 -0.5 
 0.954545  2.05264 -0.5 
 0.921406  2.06546 -0.5 
 0.890909  2.07818 -0.5 
 0.864446  2.09116 -0.5 
 0.827273  2.111 -0.5 
 0.817744  2.11687 -0.5 
 0.779169  2.14257 -0.5 
 0.763636  2.15386 -0.5 
 0.746109  2.16827 -0.5 
 0.717471  2.19398 -0.5 
 0.7  2.21114 -0.5 
 0.69219  2.21968 -0.5 
 0.670453  2.24538 -0.5 
 0.650705  2.27108 -0.5 
 0.636364  2.29151 -0.5 
 0.632981  2.29679 -0.5 
 0.617699  2.32249 -0.5 
 0.60378  2.34819 -0.5 
 0.591104  2.3739 -0.5 
 0.579565  2.3996 -0.5 
 0.572727  2.41626 -0.5 
 0.569278  2.4253 -0.5 
 0.560284  2.451 -0.5 
 0.552131  2.47671 -0.5 
 0.544762  2.50241 -0.5 
 0.538126  2.52811 -0.5 
 0.532175  2.55382 -0.5 
 0.526871  2.57952 -0.5 
 0.522177  2.60522 -0.5 
 0.518063  2.63092 -0.5 
 0.514501  2.65663 -0.5 
 0.511465  2.68233 -0.5 
 0.509091  2.70645 -0.5 
 0.508943  2.70803 -0.5 
 0.506997  2.73373 -0.5 
 0.505499  2.75944 -0.5 
 0.504436  2.78514 -0.5 
 0.503796  2.81084 -0.5 
 0.50357  2.83655 -0.5 
 0.503751  2.86225 -0.5 
 0.504332  2.88795 -0.5 
 0.505309  2.91365 -0.5 
 0.506678  2.93936 -0.5 
 0.508438  2.96506 -0.5 
 0.509091  2.97289 -0.5 
 0.51066  2.99076 -0.5 
 0.513324  3.01647 -0.5 
 0.5164  3.04217 -0.5 
 0.519891  3.06787 -0.5 
 0.523378  3.09357 -0.5 
 0.520068  3.11928 -0.5 
 0.515425  3.14498 -0.5 
 0.511181  3.17068 -0.5 
 0.509091  3.18459 -0.5 
 0.507373  3.19639 -0.5 
 0.503992  3.22209 -0.5 
 0.500983  3.24779 -0.5 
 0.498339  3.27349 -0.5 
 0.49606  3.2992 -0.5 
 0.494142  3.3249 -0.5 
 0.492586  3.3506 -0.5 
 0.491392  3.37631 -0.5 
 0.490562  3.40201 -0.5 
 0.490099  3.42771 -0.5 
 0.490007  3.45341 -0.5 
 0.490293  3.47912 -0.5 
 0.490964  3.50482 -0.5 
 0.492029  3.53052 -0.5 
 0.493499  3.55622 -0.5 
 0.495386  3.58193 -0.5 
 0.497705  3.60763 -0.5 
 0.500472  3.63333 -0.5 
 0.503707  3.65904 -0.5 
 0.50743  3.68474 -0.5 
 0.509091  3.69486 -0.5 
 0.511737  3.71044 -0.5 
 0.516645  3.73614 -0.5 
 0.522141  3.76185 -0.5 
 0.528264  3.78755 -0.5 
 0.535055  3.81325 -0.5 
 0.54256  3.83896 -0.5 
 0.550833  3.86466 -0.5 
 0.559934  3.89036 -0.5 
 0.569933  3.91606 -0.5 
 0.572727  3.9227 -0.5 
 0.581166  3.94177 -0.5 
 0.593589  3.96747 -0.5 
 0.60722  3.99317 -0.5 
 0.622183  4.01888 -0.5 
 0.636364  4.04112 -0.5 

# Contour 14, label: 
 5.03116  1.83414 -0.5 
 5.02727  1.83407 -0.5 

# Contour 15, label: 
 6.09621  3.89036 -0.5 
 6.09999  3.86466 -0.5 
 6.10347  3.83896 -0.5 
 6.10668  3.81325 -0.5 
 6.10909  3.79242 -0.5 
 6.10962  3.78755 -0.5 
 6.11222  3.76185 -0.5 
 6.11462  3.73614 -0.5 
 6.11682  3.71044 -0.5 
 6.11883  3.68474 -0.5 
 6.12068  3.65904 -0.5 
 6.12236  3.63333 -0.5 
 6.12389  3.60763 -0.5 
 6.12527  3.58193 -0.5 
 6.12652  3.55622 -0.5 
 6.12762  3.53052 -0.5 
 6.12861  3.50482 -0.5 
 6.12946  3.47912 -0.5 
 6.1302  3.45341 -0.5 
 6.13083  3.42771 -0.5 
 6.13134  3.40201 -0.5 
 6.13174  3.37631 -0.5 
 6.13203  3.3506 -0.5 
 6.13222  3.3249 -0.5 
 6.13231  3.2992 -0.5 
 6.13229  3.27349 -0.5 
 6.13217  3.24779 -0.5 
 6.13194  3.22209 -0.5 
 6.13162  3.19639 -0.5 
 6.13119  3.17068 -0.5 
 6.13066  3.14498 -0.5 
 6.13003  3.11928 -0.5 
 6.12929  3.09357 -0.5 
 6.12845  3.06787 -0.5 
 6.12749  3.04217 -0.5 
 6.12643  3.01647 -0.5 
 6.12525  2.99076 -0.5 
 6.12396  2.96506 -0.5 
 6.12254  2.93936 -0.5 
 6.12101  2.91365 -0.5 
 6.11934  2.88795 -0.5 
 6.11754  2.86225 -0.5 
 6.1156  2.83655 -0.5 
 6.11351  2.81084 -0.5 
 6.11128  2.78514 -0.5 
 6.10909  2.7617 -0.5 
 6.10887  2.75944 -0.5 
 6.10617  2.73373 -0.5 
 6.10328  2.70803 -0.5 
 6.1002  2.68233 -0.5 
 6.09691  2.65663 -0.5 
 6.09339  2.63092 -0.5 
 6.08963  2.60522 -0.5 
 6.08562  2.57952 -0.5 
 6.08134  2.55382 -0.5 
 6.07677  2.52811 -0.5 
 6.07187  2.50241 -0.5 
 6.06664  2.47671 -0.5 
 6.06104  2.451 -0.5 
 6.05504  2.4253 -0.5 
 6.0486  2.3996 -0.5 
 6.04545  2.38772 -0.5 
 6.04147  2.3739 -0.5 
 6.03361  2.34819 -0.5 
 6.02513  2.32249 -0.5 
 6.01599  2.29679 -0.5 
 6.0061  2.27108 -0.5 
 5.99538  2.24538 -0.5 
 5.98374  2.21968 -0.5 
 5.98182  2.21567 -0.5 
 5.97037  2.19398 -0.5 
 5.95563  2.16827 -0.5 
 5.93948  2.14257 -0.5 
 5.92171  2.11687 -0.5 
 5.91818  2.11207 -0.5 
 5.90096  2.09116 -0.5 
 5.87767  2.06546 -0.5 
 5.85455  2.04244 -0.5 
 5.85149  2.03976 -0.5 
 5.82014  2.01406 -0.5 
 5.79091  1.99259 -0.5 
 5.78426  1.98835 -0.5 
 5.74066  1.96265 -0.5 
 5.72727  1.95541 -0.5 
 5.68728  1.93695 -0.5 
 5.66364  1.92688 -0.5 
 5.61994  1.91124 -0.5 
 5.6  1.90458 -0.5 
 5.53636  1.88694 -0.5 
 5.53031  1.88554 -0.5 
 5.47273  1.87291 -0.5 
 5.40909  1.86176 -0.5 
 5.39558  1.85984 -0.5 
 5.34545  1.85296 -0.5 
 5.28182  1.84614 -0.5 
 5.21818  1.84102 -0.5 
 5.15455  1.83739 -0.5 
 5.09091  1.83511 -0.5 
 5.03116  1.83414 -0.5 

# Contour 16, label: 
 3.46763  3.71044 -0.5 
 3.47109  3.73614 -0.5 
 3.47489  3.76185 -0.5 
 3.47906  3.78755 -0.5 
 3.48362  3.81325 -0.5 
 3.48861  3.83896 -0.5 
 3.49405  3.86466 -0.5 
 3.49999  3.89036 -0.5 
 3.50643  3.91606 -0.5 
 3.51345  3.94177 -0.5 
 3.52111  3.96747 -0.5 
 3.52947  3.99317 -0.5 
 3.53861  4.01888 -0.5 
 3.54861  4.04458 -0.5 
 3.55956  4.07028 -0.5 
 3.56364  4.07915 -0.5 
 3.57159  4.09598 -0.5 
 3.58483  4.12169 -0.5 
 3.59944  4.14739 -0.5 
 3.61561  4.17309 -0.5 
 3.62727  4.19 -0.5 
 3.6336  4.1988 -0.5 
 3.65373  4.2245 -0.5 
 3.67628  4.2502 -0.5 
 3.69091  4.2653 -0.5 
 3.70177  4.2759 -0.5 
 3.7308  4.30161 -0.5 
 3.75455  4.32032 -0.5 
 3.76405  4.32731 -0.5 
 3.80264  4.35301 -0.5 
 3.81818  4.36231 -0.5 
 3.84796  4.37871 -0.5 
 3.88182  4.39541 -0.5 
 3.90189  4.40442 -0.5 
 3.94545  4.42209 -0.5 
 3.96748  4.43012 -0.5 
 4.00909  4.44395 -0.5 
 4.04942  4.45582 -0.5 
 4.07273  4.46213 -0.5 
 4.13636  4.47737 -0.5 
 4.15595  4.48153 -0.5 
 4.2  4.49022 -0.5 
 4.26364  4.50115 -0.5 
 4.30438  4.50723 -0.5 
 4.32727  4.51045 -0.5 
 4.39091  4.51831 -0.5 
 4.45455  4.52501 -0.5 
 4.51818  4.53067 -0.5 
 4.5483  4.53293 -0.5 
 4.58182  4.53535 -0.5 
 4.64545  4.53915 -0.5 
 4.70909  4.54217 -0.5 
 4.77273  4.54443 -0.5 
 4.83636  4.54598 -0.5 
 4.9  4.54682 -0.5 
 4.96364  4.54694 -0.5 
 5.02727  4.54632 -0.5 
 5.09091  4.54494 -0.5 
 5.15455  4.54273 -0.5 
 5.21818  4.53961 -0.5 
 5.28182  4.53549 -0.5 
 5.31299  4.53293 -0.5 
 5.34545  4.53015 -0.5 
 5.40909  4.52341 -0.5 
 5.47273  4.51501 -0.5 
 5.52092  4.50723 -0.5 
 5.53636  4.50457 -0.5 
 5.6  4.49143 -0.5 
 5.63938  4.48153 -0.5 
 5.66364  4.47489 -0.5 
 5.72141  4.45582 -0.5 
 5.72727  4.45369 -0.5 
 5.78205  4.43012 -0.5 
 5.79091  4.42586 -0.5 
 5.82914  4.40442 -0.5 
 5.85455  4.38819 -0.5 
 5.86744  4.37871 -0.5 
 5.89875  4.35301 -0.5 
 5.91818  4.33486 -0.5 
 5.92533  4.32731 -0.5 
 5.94748  4.30161 -0.5 
 5.96693  4.2759 -0.5 
 5.98182  4.2538 -0.5 
 5.984  4.2502 -0.5 
 5.99847  4.2245 -0.5 
 6.0114  4.1988 -0.5 
 6.02303  4.17309 -0.5 
 6.03351  4.14739 -0.5 
 6.043  4.12169 -0.5 
 6.04545  4.11455 -0.5 
 6.05132  4.09598 -0.5 
 6.05879  4.07028 -0.5 
 6.06561  4.04458 -0.5 
 6.07185  4.01888 -0.5 
 6.07757  3.99317 -0.5 
 6.08283  3.96747 -0.5 
 6.08766  3.94177 -0.5 
 6.09211  3.91606 -0.5 
 6.09621  3.89036 -0.5 

# Contour 17, label: 
 5.02727  1.83407 -0.5 
 4.99642  1.83414 -0.5 
 4.96364  1.8342 -0.5 
 4.9  1.83546 -0.5 
 4.83636  1.83783 -0.5 
 4.77273  1.84131 -0.5 
 4.70909  1.84593 -0.5 
 4.64545  1.85175 -0.5 
 4.58182  1.85885 -0.5 
 4.57416  1.85984 -0.5 
 4.51818  1.86732 -0.5 
 4.45455  1.8773 -0.5 
 4.40913  1.88554 -0.5 
 4.39091  1.88898 -0.5 
 4.32727  1.90256 -0.5 
 4.29151  1.91124 -0.5 
 4.26364  1.91834 -0.5 
 4.2  1.93667 -0.5 
 4.19912  1.93695 -0.5 
 4.13636  1.95802 -0.5 
 4.12393  1.96265 -0.5 
 4.07273  1.98299 -0.5 
 4.06041  1.98835 -0.5 
 4.00909  2.01236 -0.5 
 4.00575  2.01406 -0.5 
 3.95826  2.03976 -0.5 
 3.94545  2.04723 -0.5 
 3.91633  2.06546 -0.5 
 3.88182  2.08904 -0.5 
 3.8789  2.09116 -0.5 
 3.84551  2.11687 -0.5 
 3.81818  2.13995 -0.5 
 3.81525  2.14257 -0.5 
 3.7879  2.16827 -0.5 
 3.76291  2.19398 -0.5 
 3.75455  2.20313 -0.5 
 3.74006  2.21968 -0.5 
 3.71909  2.24538 -0.5 
 3.69974  2.27108 -0.5 
 3.69091  2.28357 -0.5 
 3.68187  2.29679 -0.5 
 3.66532  2.32249 -0.5 
 3.64995  2.34819 -0.5 
 3.63566  2.3739 -0.5 
 3.62727  2.38993 -0.5 
 3.62234  2.3996 -0.5 
 3.60988  2.4253 -0.5 
 3.59825  2.451 -0.5 
 3.58737  2.47671 -0.5 
 3.57718  2.50241 -0.5 
 3.56762  2.52811 -0.5 
 3.56364  2.53941 -0.5 
 3.55863  2.55382 -0.5 
 3.55017  2.57952 -0.5 
 3.54222  2.60522 -0.5 
 3.53476  2.63092 -0.5 
 3.52774  2.65663 -0.5 
 3.52115  2.68233 -0.5 
 3.51495  2.70803 -0.5 
 3.50912  2.73373 -0.5 
 3.50364  2.75944 -0.5 
 3.5  2.77755 -0.5 
 3.49848  2.78514 -0.5 
 3.49361  2.81084 -0.5 
 3.48904  2.83655 -0.5 
 3.48476  2.86225 -0.5 
 3.48076  2.88795 -0.5 
 3.47702  2.91365 -0.5 
 3.47354  2.93936 -0.5 
 3.4703  2.96506 -0.5 
 3.4673  2.99076 -0.5 
 3.46452  3.01647 -0.5 
 3.46196  3.04217 -0.5 
 3.45963  3.06787 -0.5 
 3.4575  3.09357 -0.5 
 3.45557  3.11928 -0.5 
 3.45385  3.14498 -0.5 
 3.45233  3.17068 -0.5 
 3.451  3.19639 -0.5 
 3.44986  3.22209 -0.5 
 3.44892  3.24779 -0.5 
 3.44817  3.27349 -0.5 
 3.44761  3.2992 -0.5 
 3.44725  3.3249 -0.5 
 3.44708  3.3506 -0.5 
 3.4471  3.37631 -0.5 
 3.44733  3.40201 -0.5 
 3.44775  3.42771 -0.5 
 3.44839  3.45341 -0.5 
 3.44923  3.47912 -0.5 
 3.45029  3.50482 -0.5 
 3.45157  3.53052 -0.5 
 3.45309  3.55622 -0.5 
 3.45484  3.58193 -0.5 
 3.45685  3.60763 -0.5 
 3.45912  3.63333 -0.5 
 3.46166  3.65904 -0.5 
 3.46449  3.68474 -0.5 
 3.46763  3.71044 -0.5 


# Contour 18, label:       -1
 2.84512  6.46064 -1 
 2.84408  6.43494 -1 
 2.84283  6.40924 -1 
 2.84136  6.38353 -1 
 2.83966  6.35783 -1 
 2.83774  6.33213 -1 
 2.83559  6.30643 -1 
 2.83321  6.28072 -1 
 2.83059  6.25502 -1 
 2.82773  6.22932 -1 
 2.82461  6.20361 -1 
 2.82124  6.17791 -1 
 2.81761  6.15221 -1 
 2.8137  6.12651 -1 
 2.80951  6.1008 -1 
 2.80502  6.0751 -1 
 2.80022  6.0494 -1 
 2.8  6.04827 -1 
 2.7949  6.02369 -1 
 2.78922  5.99799 -1 
 2.78317  5.97229 -1 
 2.77673  5.94659 -1 
 2.76988  5.92088 -1 
 2.7626  5.89518 -1 
 2.75486  5.86948 -1 
 2.74663  5.84378 -1 
 2.73789  5.81807 -1 
 2.73636  5.81379 -1 
 2.72823  5.79237 -1 
 2.71788  5.76667 -1 
 2.70687  5.74096 -1 
 2.69516  5.71526 -1 
 2.68268  5.68956 -1 
 2.67273  5.67022 -1 
 2.6692  5.66386 -1 
 2.65426  5.63815 -1 
 2.6383  5.61245 -1 
 2.62124  5.58675 -1 
 2.60909  5.56948 -1 
 2.60262  5.56104 -1 
 2.58189  5.53534 -1 
 2.55964  5.50964 -1 
 2.54545  5.4942 -1 
 2.53507  5.48394 -1 
 2.50759  5.45823 -1 
 2.48182  5.43579 -1 
 2.47765  5.43253 -1 
 2.44321  5.40683 -1 
 2.41818  5.38938 -1 
 2.40485  5.38112 -1 
 2.36091  5.35542 -1 
 2.35455  5.35188 -1 
 2.30919  5.32972 -1 
 2.29091  5.32125 -1 
 2.24794  5.30402 -1 
 2.22727  5.2961 -1 
 2.17289  5.27831 -1 
 2.16364  5.2754 -1 
 2.1  5.25843 -1 
 2.07356  5.25261 -1 
 2.03636  5.24464 -1 
 1.97273  5.23361 -1 
 1.92322  5.22691 -1 
 1.90909  5.22503 -1 
 1.84545  5.21866 -1 
 1.78182  5.21435 -1 
 1.71818  5.21196 -1 
 1.65455  5.21142 -1 
 1.59091  5.21269 -1 
 1.52727  5.21576 -1 
 1.46364  5.22069 -1 

# Contour 19, label: 
 0.483045  7.23173 -1 
 0.498086  7.25743 -1 
 0.509091  7.27462 -1 
 0.514891  7.28313 -1 
 0.5339  7.30884 -1 
 0.555038  7.33454 -1 
 0.572727  7.35399 -1 
 0.578844  7.36024 -1 
 0.606245  7.38594 -1 
 0.636364  7.41105 -1 
 0.637138  7.41165 -1 
 0.673547  7.43735 -1 
 0.7  7.45404 -1 
 0.715768  7.46305 -1 
 0.763636  7.48775 -1 
 0.765814  7.48876 -1 
 0.82679  7.51446 -1 
 0.827273  7.51464 -1 
 0.890909  7.53645 -1 
 0.903319  7.54016 -1 
 0.954545  7.55436 -1 
 1.00287  7.56586 -1 
 1.01818  7.56926 -1 
 1.08182  7.58157 -1 
 1.14325  7.59157 -1 
 1.14545  7.5919 -1 
 1.20909  7.60033 -1 
 1.27273  7.60729 -1 
 1.33636  7.61292 -1 
 1.39868  7.61727 -1 
 1.4  7.61736 -1 
 1.46364  7.6206 -1 
 1.52727  7.6228 -1 
 1.59091  7.62401 -1 
 1.65455  7.62424 -1 
 1.71818  7.62348 -1 
 1.78182  7.62172 -1 
 1.84545  7.61889 -1 
 1.8719  7.61727 -1 
 1.90909  7.61489 -1 
 1.97273  7.6096 -1 
 2.03636  7.60292 -1 
 2.1  7.59467 -1 
 2.12013  7.59157 -1 
 2.16364  7.58445 -1 
 2.22727  7.57199 -1 
 2.25388  7.56586 -1 
 2.29091  7.55671 -1 
 2.34768  7.54016 -1 
 2.35455  7.53799 -1 
 2.41818  7.51471 -1 
 2.41879  7.51446 -1 
 2.47499  7.48876 -1 
 2.48182  7.48531 -1 
 2.52092  7.46305 -1 
 2.54545  7.44747 -1 
 2.55972  7.43735 -1 
 2.59256  7.41165 -1 
 2.60909  7.39728 -1 
 2.62094  7.38594 -1 
 2.64541  7.36024 -1 
 2.66726  7.33454 -1 
 2.67273  7.32756 -1 
 2.68621  7.30884 -1 
 2.70304  7.28313 -1 
 2.71824  7.25743 -1 
 2.73201  7.23173 -1 
 2.73636  7.22293 -1 
 2.74417  7.20602 -1 
 2.75506  7.18032 -1 
 2.76498  7.15462 -1 
 2.77403  7.12892 -1 
 2.78229  7.10321 -1 
 2.78984  7.07751 -1 
 2.79673  7.05181 -1 
 2.8  7.03856 -1 
 2.80291  7.0261 -1 
 2.80844  7.0004 -1 
 2.81347  6.9747 -1 
 2.81806  6.949 -1 
 2.82222  6.92329 -1 
 2.82598  6.89759 -1 
 2.82938  6.87189 -1 
 2.83242  6.84618 -1 
 2.83514  6.82048 -1 
 2.83754  6.79478 -1 
 2.83964  6.76908 -1 
 2.84146  6.74337 -1 
 2.84301  6.71767 -1 
 2.84429  6.69197 -1 
 2.84532  6.66627 -1 
 2.84611  6.64056 -1 
 2.84665  6.61486 -1 
 2.84696  6.58916 -1 
 2.84704  6.56345 -1 
 2.84689  6.53775 -1 
 2.84652  6.51205 -1 
 2.84593  6.48635 -1 
 2.84512  6.46064 -1 

# Contour 20, label: 
 1.46364  5.22069 -1 
 1.40566  5.22691 -1 
 1.4  5.22752 -1 
 1.33636  5.23637 -1 
 1.27273  5.2474 -1 
 1.24764  5.25261 -1 
 1.20909  5.26082 -1 
 1.14545  5.2769 -1 
 1.1406  5.27831 -1 
 1.08182  5.296 -1 
 1.05867  5.30402 -1 
 1.01818  5.3186 -1 
 0.990975  5.32972 -1 
 0.954545  5.3453 -1 
 0.933458  5.35542 -1 
 0.890909  5.37693 -1 
 0.883438  5.38112 -1 
 0.839781  5.40683 -1 
 0.827273  5.4146 -1 
 0.800992  5.43253 -1 
 0.765732  5.45823 -1 
 0.763636  5.45983 -1 
 0.734518  5.48394 -1 
 0.705612  5.50964 -1 
 0.7  5.51486 -1 
 0.679623  5.53534 -1 
 0.655619  5.56104 -1 
 0.636364  5.58303 -1 
 0.633328  5.58675 -1 
 0.613171  5.61245 -1 
 0.594303  5.63815 -1 
 0.576621  5.66386 -1 
 0.572727  5.66977 -1 
 0.560458  5.68956 -1 
 0.545404  5.71526 -1 
 0.531259  5.74096 -1 
 0.517959  5.76667 -1 
 0.509091  5.78476 -1 
 0.505552  5.79237 -1 
 0.494118  5.81807 -1 
 0.483352  5.84378 -1 
 0.473212  5.86948 -1 
 0.463662  5.89518 -1 
 0.454666  5.92088 -1 
 0.446194  5.94659 -1 
 0.445455  5.94893 -1 
 0.4384  5.97229 -1 
 0.431083  5.99799 -1 
 0.424201  6.02369 -1 
 0.417733  6.0494 -1 
 0.41166  6.0751 -1 
 0.405966  6.1008 -1 
 0.400634  6.12651 -1 
 0.395651  6.15221 -1 
 0.391003  6.17791 -1 
 0.386678  6.20361 -1 
 0.382667  6.22932 -1 
 0.381818  6.23516 -1 
 0.379021  6.25502 -1 
 0.375684  6.28072 -1 
 0.372628  6.30643 -1 
 0.36985  6.33213 -1 
 0.367343  6.35783 -1 
 0.365103  6.38353 -1 
 0.363126  6.40924 -1 
 0.361411  6.43494 -1 
 0.359956  6.46064 -1 
 0.358759  6.48635 -1 
 0.357821  6.51205 -1 
 0.357143  6.53775 -1 
 0.356727  6.56345 -1 
 0.356575  6.58916 -1 
 0.356691  6.61486 -1 
 0.357081  6.64056 -1 
 0.35775  6.66627 -1 
 0.358705  6.69197 -1 
 0.359955  6.71767 -1 
 0.36151  6.74337 -1 
 0.36338  6.76908 -1 
 0.36558  6.79478 -1 
 0.368124  6.82048 -1 
 0.371028  6.84618 -1 
 0.374312  6.87189 -1 
 0.377997  6.89759 -1 
 0.381818  6.9215 -1 
 0.382114  6.92329 -1 
 0.38678  6.949 -1 
 0.391942  6.9747 -1 
 0.397637  7.0004 -1 
 0.403905  7.0261 -1 
 0.410793  7.05181 -1 
 0.418356  7.07751 -1 
 0.426654  7.10321 -1 
 0.435758  7.12892 -1 
 0.445455  7.15387 -1 
 0.445758  7.15462 -1 
 0.457023  7.18032 -1 
 0.469409  7.20602 -1 
 0.483045  7.23173 -1 

# Contour 21, label: 
 4.83636  5.01517 -1 
 4.77273  5.01755 -1 
 4.70909  5.02113 -1 

# Contour 22, label: 
 6.097  6.9747 -1 
 6.09987  6.949 -1 
 6.10249  6.92329 -1 
 6.10489  6.89759 -1 
 6.10708  6.87189 -1 
 6.10906  6.84618 -1 
 6.10909  6.84572 -1 
 6.11078  6.82048 -1 
 6.11234  6.79478 -1 
 6.11373  6.76908 -1 
 6.11496  6.74337 -1 
 6.11605  6.71767 -1 
 6.11699  6.69197 -1 
 6.11779  6.66627 -1 
 6.11847  6.64056 -1 
 6.11901  6.61486 -1 
 6.11943  6.58916 -1 
 6.11973  6.56345 -1 
 6.11991  6.53775 -1 
 6.11997  6.51205 -1 
 6.11992  6.48635 -1 
 6.11975  6.46064 -1 
 6.11947  6.43494 -1 
 6.11907  6.40924 -1 
 6.11857  6.38353 -1 
 6.11795  6.35783 -1 
 6.11721  6.33213 -1 
 6.11636  6.30643 -1 
 6.11539  6.28072 -1 
 6.11431  6.25502 -1 
 6.1131  6.22932 -1 
 6.11177  6.20361 -1 
 6.11031  6.17791 -1 
 6.10909  6.1581 -1 
 6.10871  6.15221 -1 
 6.10692  6.12651 -1 
 6.10498  6.1008 -1 
 6.10289  6.0751 -1 
 6.10065  6.0494 -1 
 6.09824  6.02369 -1 
 6.09567  5.99799 -1 
 6.09292  5.97229 -1 
 6.08998  5.94659 -1 
 6.08684  5.92088 -1 
 6.0835  5.89518 -1 
 6.07994  5.86948 -1 
 6.07616  5.84378 -1 
 6.07212  5.81807 -1 
 6.06783  5.79237 -1 
 6.06325  5.76667 -1 
 6.05838  5.74096 -1 
 6.05319  5.71526 -1 
 6.04766  5.68956 -1 
 6.04545  5.6798 -1 
 6.04159  5.66386 -1 
 6.03499  5.63815 -1 
 6.02794  5.61245 -1 
 6.0204  5.58675 -1 
 6.01233  5.56104 -1 
 6.00368  5.53534 -1 
 5.99438  5.50964 -1 
 5.98439  5.48394 -1 
 5.98182  5.47763 -1 
 5.97319  5.45823 -1 
 5.96096  5.43253 -1 
 5.94772  5.40683 -1 
 5.93337  5.38112 -1 
 5.91818  5.35606 -1 
 5.91775  5.35542 -1 
 5.89975  5.32972 -1 
 5.88006  5.30402 -1 
 5.85846  5.27831 -1 
 5.85455  5.27391 -1 
 5.83338  5.25261 -1 
 5.80536  5.22691 -1 
 5.79091  5.21464 -1 
 5.77302  5.2012 -1 
 5.73573  5.1755 -1 
 5.72727  5.17006 -1 
 5.69117  5.1498 -1 
 5.66364  5.13556 -1 
 5.6379  5.1241 -1 
 5.6  5.10834 -1 
 5.57185  5.09839 -1 
 5.53636  5.08656 -1 
 5.48656  5.07269 -1 
 5.47273  5.06902 -1 
 5.40909  5.05484 -1 
 5.36585  5.04699 -1 
 5.34545  5.04341 -1 
 5.28182  5.03427 -1 
 5.21818  5.0271 -1 
 5.15455  5.02166 -1 
 5.14855  5.02129 -1 
 5.09091  5.01773 -1 
 5.02727  5.0152 -1 
 4.96364  5.01397 -1 
 4.9  5.01397 -1 
 4.83636  5.01517 -1 

# Contour 23, label: 
 3.44288  6.9747 -1 
 3.44724  7.0004 -1 
 3.45201  7.0261 -1 
 3.45724  7.05181 -1 
 3.46297  7.07751 -1 
 3.46923  7.10321 -1 
 3.47609  7.12892 -1 
 3.48361  7.15462 -1 
 3.49185  7.18032 -1 
 3.5  7.20355 -1 
 3.5009  7.20602 -1 
 3.51089  7.23173 -1 
 3.52189  7.25743 -1 
 3.53405  7.28313 -1 
 3.54752  7.30884 -1 
 3.56248  7.33454 -1 
 3.56364  7.33638 -1 
 3.57931  7.36024 -1 
 3.59817  7.38594 -1 
 3.6194  7.41165 -1 
 3.62727  7.42034 -1 
 3.64366  7.43735 -1 
 3.67142  7.46305 -1 
 3.69091  7.47912 -1 
 3.70352  7.48876 -1 
 3.7411  7.51446 -1 
 3.75455  7.5227 -1 
 3.78575  7.54016 -1 
 3.81818  7.55627 -1 
 3.83957  7.56586 -1 
 3.88182  7.58287 -1 
 3.90607  7.59157 -1 
 3.94545  7.60437 -1 
 3.99075  7.61727 -1 
 4.00909  7.62205 -1 
 4.07273  7.6367 -1 
 4.10404  7.64297 -1 
 4.13636  7.64898 -1 
 4.2  7.65931 -1 
 4.26364  7.66811 -1 
 4.26825  7.66867 -1 
 4.32727  7.67546 -1 
 4.39091  7.68169 -1 
 4.45455  7.68692 -1 
 4.51818  7.69128 -1 
 4.5735  7.69438 -1 
 4.58182  7.69483 -1 
 4.64545  7.69758 -1 
 4.70909  7.69966 -1 
 4.77273  7.70107 -1 
 4.83636  7.70185 -1 
 4.9  7.70198 -1 
 4.96364  7.70146 -1 
 5.02727  7.70026 -1 
 5.09091  7.69833 -1 
 5.15455  7.69563 -1 
 5.17725  7.69438 -1 
 5.21818  7.69202 -1 
 5.28182  7.6874 -1 
 5.34545  7.68163 -1 
 5.40909  7.67451 -1 
 5.45225  7.66867 -1 
 5.47273  7.66572 -1 
 5.53636  7.65479 -1 
 5.59261  7.64297 -1 
 5.6  7.64129 -1 
 5.66364  7.62419 -1 
 5.68525  7.61727 -1 
 5.72727  7.60234 -1 
 5.75302  7.59157 -1 
 5.79091  7.57371 -1 
 5.80527  7.56586 -1 
 5.84689  7.54016 -1 
 5.85455  7.53487 -1 
 5.88054  7.51446 -1 
 5.90897  7.48876 -1 
 5.91818  7.47947 -1 
 5.93277  7.46305 -1 
 5.95311  7.43735 -1 
 5.97099  7.41165 -1 
 5.98182  7.39429 -1 
 5.98657  7.38594 -1 
 5.99998  7.36024 -1 
 6.01197  7.33454 -1 
 6.02274  7.30884 -1 
 6.03245  7.28313 -1 
 6.04123  7.25743 -1 
 6.04545  7.244 -1 
 6.04904  7.23173 -1 
 6.05599  7.20602 -1 
 6.06231  7.18032 -1 
 6.06809  7.15462 -1 
 6.07338  7.12892 -1 
 6.07822  7.10321 -1 
 6.08265  7.07751 -1 
 6.08672  7.05181 -1 
 6.09044  7.0261 -1 
 6.09386  7.0004 -1 
 6.097  6.9747 -1 

# Contour 24, label: 
 4.70909  5.02113 -1 
 4.707  5.02129 -1 
 4.64545  5.02592 -1 
 4.58182  5.032 -1 
 4.51818  5.03946 -1 
 4.46444  5.04699 -1 
 4.45455  5.04841 -1 
 4.39091  5.05898 -1 
 4.32727  5.07139 -1 
 4.32136  5.07269 -1 
 4.26364  5.08586 -1 
 4.21586  5.09839 -1 
 4.2  5.10274 -1 
 4.13636  5.12239 -1 
 4.1314  5.1241 -1 
 4.07273  5.14536 -1 
 4.0617  5.1498 -1 
 4.00909  5.17232 -1 
 4.00233  5.1755 -1 
 3.95104  5.2012 -1 
 3.94545  5.20418 -1 
 3.90624  5.22691 -1 
 3.88182  5.2422 -1 
 3.8664  5.25261 -1 
 3.83087  5.27831 -1 
 3.81818  5.28812 -1 
 3.79896  5.30402 -1 
 3.77007  5.32972 -1 
 3.75455  5.34454 -1 
 3.74379  5.35542 -1 
 3.71988  5.38112 -1 
 3.69786  5.40683 -1 
 3.69091  5.4154 -1 
 3.67768  5.43253 -1 
 3.65909  5.45823 -1 
 3.64184  5.48394 -1 
 3.62727  5.50722 -1 
 3.62582  5.50964 -1 
 3.61102  5.53534 -1 
 3.59722  5.56104 -1 
 3.58434  5.58675 -1 
 3.57229  5.61245 -1 
 3.56364  5.63204 -1 
 3.56102  5.63815 -1 
 3.5505  5.66386 -1 
 3.54063  5.68956 -1 
 3.53136  5.71526 -1 
 3.52265  5.74096 -1 
 3.51447  5.76667 -1 
 3.50677  5.79237 -1 
 3.5  5.81637 -1 
 3.49953  5.81807 -1 
 3.49272  5.84378 -1 
 3.48631  5.86948 -1 
 3.48028  5.89518 -1 
 3.47461  5.92088 -1 
 3.46927  5.94659 -1 
 3.46425  5.97229 -1 
 3.45953  5.99799 -1 
 3.4551  6.02369 -1 
 3.45094  6.0494 -1 
 3.44704  6.0751 -1 
 3.4434  6.1008 -1 
 3.44  6.12651 -1 
 3.43683  6.15221 -1 
 3.43636  6.15622 -1 
 3.43388  6.17791 -1 
 3.43114  6.20361 -1 
 3.42862  6.22932 -1 
 3.42631  6.25502 -1 
 3.42419  6.28072 -1 
 3.42227  6.30643 -1 
 3.42055  6.33213 -1 
 3.41901  6.35783 -1 
 3.41766  6.38353 -1 
 3.41649  6.40924 -1 
 3.41551  6.43494 -1 
 3.41472  6.46064 -1 
 3.4141  6.48635 -1 
 3.41367  6.51205 -1 
 3.41343  6.53775 -1 
 3.41337  6.56345 -1 
 3.4135  6.58916 -1 
 3.41383  6.61486 -1 
 3.41436  6.64056 -1 
 3.41508  6.66627 -1 
 3.41602  6.69197 -1 
 3.41717  6.71767 -1 
 3.41854  6.74337 -1 
 3.42015  6.76908 -1 
 3.42199  6.79478 -1 
 3.42409  6.82048 -1 
 3.42646  6.84618 -1 
 3.42911  6.87189 -1 
 3.43206  6.89759 -1 
 3.43532  6.92329 -1 
 3.43636  6.93082 -1 
 3.43892  6.949 -1 
 3.44288  6.9747 -1 

# Contour 25, label: 
 2.22719  3.17068 -1 
 2.21572  3.14498 -1 
 2.20295  3.11928 -1 
 2.18884  3.09357 -1 
 2.17336  3.06787 -1 
 2.16364  3.05302 -1 
 2.15529  3.04217 -1 
 2.13391  3.01647 -1 
 2.11075  2.99076 -1 
 2.1  2.97964 -1 
 2.08293  2.96506 -1 
 2.05066  2.93936 -1 
 2.03636  2.92869 -1 
 2.01094  2.91365 -1 
 1.97273  2.89245 -1 
 1.96185  2.88795 -1 
 1.90909  2.8673 -1 
 1.88989  2.86225 -1 
 1.84545  2.85111 -1 
 1.78182  2.84254 -1 
 1.71818  2.84095 -1 
 1.65455  2.84605 -1 
 1.59091  2.85769 -1 

# Contour 26, label: 
 1.59091  2.85769 -1 
 1.57485  2.86225 -1 
 1.52727  2.8763 -1 
 1.49818  2.88795 -1 
 1.46364  2.90242 -1 
 1.44236  2.91365 -1 
 1.4  2.9372 -1 
 1.39677  2.93936 -1 
 1.36028  2.96506 -1 
 1.33636  2.98294 -1 
 1.32739  2.99076 -1 
 1.2996  3.01647 -1 
 1.27364  3.04217 -1 
 1.27273  3.04313 -1 
 1.25214  3.06787 -1 
 1.23229  3.09357 -1 
 1.21395  3.11928 -1 
 1.20909  3.12665 -1 
 1.19829  3.14498 -1 
 1.18445  3.17068 -1 
 1.1719  3.19639 -1 
 1.16063  3.22209 -1 
 1.15064  3.24779 -1 
 1.14545  3.26304 -1 
 1.14222  3.27349 -1 
 1.13542  3.2992 -1 
 1.12977  3.3249 -1 
 1.12527  3.3506 -1 
 1.12194  3.37631 -1 
 1.11979  3.40201 -1 
 1.11882  3.42771 -1 
 1.11906  3.45341 -1 
 1.12054  3.47912 -1 
 1.12328  3.50482 -1 
 1.12731  3.53052 -1 
 1.13269  3.55622 -1 
 1.13945  3.58193 -1 
 1.14545  3.6008 -1 
 1.14786  3.60763 -1 
 1.15853  3.63333 -1 
 1.17093  3.65904 -1 
 1.18514  3.68474 -1 
 1.20127  3.71044 -1 
 1.20909  3.72159 -1 
 1.22065  3.73614 -1 
 1.24337  3.76185 -1 
 1.26866  3.78755 -1 
 1.27273  3.79132 -1 
 1.30013  3.81325 -1 
 1.33557  3.83896 -1 
 1.33636  3.83948 -1 
 1.3814  3.86466 -1 
 1.4  3.8742 -1 
 1.43921  3.89036 -1 
 1.46364  3.89967 -1 
 1.52061  3.91606 -1 
 1.52727  3.91785 -1 
 1.59091  3.92951 -1 
 1.65455  3.93572 -1 
 1.71818  3.93654 -1 
 1.78182  3.93193 -1 
 1.84545  3.92174 -1 
 1.86807  3.91606 -1 
 1.90909  3.9051 -1 
 1.94906  3.89036 -1 
 1.97273  3.881 -1 
 2.00488  3.86466 -1 
 2.03636  3.84738 -1 
 2.04885  3.83896 -1 
 2.08405  3.81325 -1 
 2.1  3.80058 -1 
 2.11378  3.78755 -1 
 2.13871  3.76185 -1 
 2.16136  3.73614 -1 
 2.16364  3.73331 -1 
 2.17948  3.71044 -1 
 2.19553  3.68474 -1 
 2.20991  3.65904 -1 
 2.22269  3.63333 -1 
 2.22727  3.62291 -1 
 2.23317  3.60763 -1 
 2.24182  3.58193 -1 
 2.24922  3.55622 -1 
 2.25541  3.53052 -1 
 2.26043  3.50482 -1 
 2.26431  3.47912 -1 
 2.26707  3.45341 -1 
 2.26874  3.42771 -1 
 2.26934  3.40201 -1 
 2.26888  3.37631 -1 
 2.26736  3.3506 -1 
 2.26479  3.3249 -1 
 2.26118  3.2992 -1 
 2.25652  3.27349 -1 
 2.2508  3.24779 -1 
 2.24401  3.22209 -1 
 2.23615  3.19639 -1 
 2.22727  3.1709 -1 
 2.22719  3.17068 -1 

# Contour 27, label: 
 5.93582  2.91365 -1 
 5.93186  2.88795 -1 
 5.92758  2.86225 -1 
 5.92297  2.83655 -1 
 5.91818  2.81166 -1 
 5.91801  2.81084 -1 
 5.91234  2.78514 -1 
 5.90625  2.75944 -1 
 5.89974  2.73373 -1 
 5.89278  2.70803 -1 
 5.88534  2.68233 -1 
 5.87739  2.65663 -1 
 5.8689  2.63092 -1 
 5.85984  2.60522 -1 
 5.85455  2.59104 -1 
 5.84983  2.57952 -1 
 5.83871  2.55382 -1 
 5.82682  2.52811 -1 
 5.81411  2.50241 -1 
 5.80052  2.47671 -1 
 5.79091  2.4596 -1 
 5.78554  2.451 -1 
 5.76862  2.4253 -1 
 5.75046  2.3996 -1 
 5.73095  2.3739 -1 
 5.72727  2.36928 -1 
 5.70834  2.34819 -1 
 5.68359  2.32249 -1 
 5.66364  2.30315 -1 
 5.65615  2.29679 -1 
 5.62421  2.27108 -1 
 5.6  2.25294 -1 
 5.58834  2.24538 -1 
 5.54624  2.21968 -1 
 5.53636  2.21398 -1 
 5.49555  2.19398 -1 
 5.47273  2.18341 -1 
 5.43344  2.16827 -1 
 5.40909  2.15933 -1 
 5.35291  2.14257 -1 
 5.34545  2.14043 -1 
 5.28182  2.12586 -1 
 5.22986  2.11687 -1 
 5.21818  2.1149 -1 
 5.15455  2.10714 -1 
 5.09091  2.1022 -1 
 5.02727  2.09985 -1 
 4.96364  2.09993 -1 
 4.9  2.10236 -1 
 4.83636  2.10709 -1 
 4.77273  2.11412 -1 

# Contour 28, label: 
 4.00403  4.09598 -1 
 4.00909  4.10055 -1 
 4.03406  4.12169 -1 
 4.0674  4.14739 -1 
 4.07273  4.15122 -1 
 4.10557  4.17309 -1 
 4.13636  4.19184 -1 
 4.1488  4.1988 -1 
 4.19867  4.2245 -1 
 4.2  4.22514 -1 
 4.25763  4.2502 -1 
 4.26364  4.25262 -1 
 4.32727  4.27559 -1 
 4.32825  4.2759 -1 
 4.39091  4.29474 -1 
 4.41717  4.30161 -1 
 4.45455  4.31082 -1 
 4.51818  4.32427 -1 
 4.53506  4.32731 -1 
 4.58182  4.33532 -1 
 4.64545  4.34431 -1 
 4.70909  4.35146 -1 
 4.72719  4.35301 -1 
 4.77273  4.35678 -1 
 4.83636  4.36041 -1 
 4.9  4.36243 -1 
 4.96364  4.36281 -1 
 5.02727  4.36153 -1 
 5.09091  4.35849 -1 
 5.15455  4.35359 -1 
 5.15989  4.35301 -1 
 5.21818  4.3465 -1 
 5.28182  4.33706 -1 
 5.33335  4.32731 -1 
 5.34545  4.3249 -1 
 5.40909  4.30934 -1 
 5.43514  4.30161 -1 
 5.47273  4.28972 -1 
 5.50928  4.2759 -1 
 5.53636  4.26491 -1 
 5.56724  4.2502 -1 
 5.6  4.23328 -1 
 5.61471  4.2245 -1 
 5.65438  4.1988 -1 
 5.66364  4.19231 -1 
 5.68774  4.17309 -1 
 5.71713  4.14739 -1 
 5.72727  4.1378 -1 
 5.74245  4.12169 -1 
 5.76473  4.09598 -1 
 5.78503  4.07028 -1 
 5.79091  4.06229 -1 
 5.80266  4.04458 -1 
 5.81841  4.01888 -1 
 5.83286  3.99317 -1 
 5.84613  3.96747 -1 
 5.85455  3.94987 -1 
 5.85808  3.94177 -1 
 5.86858  3.91606 -1 
 5.87825  3.89036 -1 
 5.88716  3.86466 -1 
 5.89538  3.83896 -1 
 5.90296  3.81325 -1 
 5.90994  3.78755 -1 
 5.91637  3.76185 -1 
 5.91818  3.75407 -1 
 5.92204  3.73614 -1 
 5.92714  3.71044 -1 
 5.93182  3.68474 -1 
 5.9361  3.65904 -1 
 5.94  3.63333 -1 
 5.94355  3.60763 -1 
 5.94675  3.58193 -1 
 5.94962  3.55622 -1 
 5.95219  3.53052 -1 
 5.95446  3.50482 -1 
 5.95643  3.47912 -1 
 5.95813  3.45341 -1 
 5.95956  3.42771 -1 
 5.96073  3.40201 -1 
 5.96164  3.37631 -1 
 5.9623  3.3506 -1 
 5.96271  3.3249 -1 
 5.96287  3.2992 -1 
 5.9628  3.27349 -1 
 5.96248  3.24779 -1 
 5.96193  3.22209 -1 
 5.96114  3.19639 -1 
 5.9601  3.17068 -1 
 5.95883  3.14498 -1 
 5.95731  3.11928 -1 
 5.95554  3.09357 -1 
 5.95353  3.06787 -1 
 5.95125  3.04217 -1 
 5.94872  3.01647 -1 
 5.94592  2.99076 -1 
 5.94284  2.96506 -1 
 5.93948  2.93936 -1 
 5.93582  2.91365 -1 

# Contour 29, label: 
 4.77273  2.11412 -1 
 4.75391  2.11687 -1 
 4.70909  2.12356 -1 
 4.64545  2.1355 -1 
 4.6142  2.14257 -1 
 4.58182  2.15013 -1 
 4.51818  2.16767 -1 
 4.51626  2.16827 -1 
 4.45455  2.1885 -1 
 4.43984  2.19398 -1 
 4.39091  2.21302 -1 
 4.37561  2.21968 -1 
 4.32727  2.24179 -1 
 4.32016  2.24538 -1 
 4.27169  2.27108 -1 
 4.26364  2.27558 -1 
 4.22876  2.29679 -1 
 4.2  2.31538 -1 
 4.18981  2.32249 -1 
 4.1548  2.34819 -1 
 4.13636  2.36256 -1 
 4.12275  2.3739 -1 
 4.09351  2.3996 -1 
 4.07273  2.41905 -1 
 4.06642  2.4253 -1 
 4.0417  2.451 -1 
 4.01857  2.47671 -1 
 4.00909  2.4878 -1 
 3.99721  2.50241 -1 
 3.97741  2.52811 -1 
 3.95883  2.55382 -1 
 3.94545  2.57342 -1 
 3.94147  2.57952 -1 
 3.92541  2.60522 -1 
 3.91032  2.63092 -1 
 3.89614  2.65663 -1 
 3.8828  2.68233 -1 
 3.88182  2.68432 -1 
 3.87045  2.70803 -1 
 3.85885  2.73373 -1 
 3.84796  2.75944 -1 
 3.83773  2.78514 -1 
 3.82813  2.81084 -1 
 3.81912  2.83655 -1 
 3.81818  2.83939 -1 
 3.81078  2.86225 -1 
 3.80299  2.88795 -1 
 3.79572  2.91365 -1 
 3.78894  2.93936 -1 
 3.78265  2.96506 -1 
 3.77682  2.99076 -1 
 3.77144  3.01647 -1 
 3.7665  3.04217 -1 
 3.76198  3.06787 -1 
 3.75788  3.09357 -1 
 3.75455  3.11671 -1 
 3.75418  3.11928 -1 
 3.75091  3.14498 -1 
 3.74803  3.17068 -1 
 3.74554  3.19639 -1 
 3.74343  3.22209 -1 
 3.7417  3.24779 -1 
 3.74036  3.27349 -1 
 3.73939  3.2992 -1 
 3.73881  3.3249 -1 
 3.73861  3.3506 -1 
 3.7388  3.37631 -1 
 3.73938  3.40201 -1 
 3.74038  3.42771 -1 
 3.74178  3.45341 -1 
 3.7436  3.47912 -1 
 3.74586  3.50482 -1 
 3.74857  3.53052 -1 
 3.75174  3.55622 -1 
 3.75455  3.57602 -1 
 3.7554  3.58193 -1 
 3.7596  3.60763 -1 
 3.76433  3.63333 -1 
 3.76962  3.65904 -1 
 3.7755  3.68474 -1 
 3.782  3.71044 -1 
 3.78917  3.73614 -1 
 3.79704  3.76185 -1 
 3.80566  3.78755 -1 
 3.81508  3.81325 -1 
 3.81818  3.82108 -1 
 3.82549  3.83896 -1 
 3.83689  3.86466 -1 
 3.84932  3.89036 -1 
 3.86288  3.91606 -1 
 3.87766  3.94177 -1 
 3.88182  3.94851 -1 
 3.89402  3.96747 -1 
 3.91199  3.99317 -1 
 3.93162  4.01888 -1 
 3.94545  4.03559 -1 
 3.9533  4.04458 -1 
 3.97748  4.07028 -1 
 4.00403  4.09598 -1 


# Contour 30, label:     -1.5
 2.51864  5.86948 -1.5 
 2.50326  5.84378 -1.5 
 2.48691  5.81807 -1.5 
 2.48182  5.81044 -1.5 
 2.46864  5.79237 -1.5 
 2.44881  5.76667 -1.5 
 2.42772  5.74096 -1.5 
 2.41818  5.7299 -1.5 
 2.40422  5.71526 -1.5 
 2.37836  5.68956 -1.5 
 2.35455  5.66728 -1.5 
 2.35045  5.66386 -1.5 
 2.31837  5.63815 -1.5 
 2.29091  5.61746 -1.5 
 2.28339  5.61245 -1.5 
 2.24297  5.58675 -1.5 
 2.22727  5.57725 -1.5 
 2.19648  5.56104 -1.5 
 2.16364  5.54457 -1.5 
 2.1421  5.53534 -1.5 
 2.1  5.51802 -1.5 
 2.07567  5.50964 -1.5 
 2.03636  5.49656 -1.5 
 1.98972  5.48394 -1.5 
 1.97273  5.47947 -1.5 
 1.90909  5.4662 -1.5 
 1.85785  5.45823 -1.5 
 1.84545  5.45634 -1.5 
 1.78182  5.44963 -1.5 
 1.71818  5.44585 -1.5 
 1.65455  5.44486 -1.5 
 1.59091  5.44661 -1.5 
 1.52727  5.45109 -1.5 

# Contour 31, label: 
 1.00281  7.38594 -1.5 
 1.01818  7.3922 -1.5 
 1.07264  7.41165 -1.5 
 1.08182  7.4147 -1.5 
 1.14545  7.43308 -1.5 
 1.16278  7.43735 -1.5 
 1.20909  7.44809 -1.5 
 1.27273  7.46039 -1.5 
 1.28948  7.46305 -1.5 
 1.33636  7.47014 -1.5 
 1.4  7.47776 -1.5 
 1.46364  7.48346 -1.5 
 1.52727  7.48736 -1.5 
 1.56861  7.48876 -1.5 
 1.59091  7.48948 -1.5 
 1.65455  7.4899 -1.5 
 1.71269  7.48876 -1.5 
 1.71818  7.48864 -1.5 
 1.78182  7.48559 -1.5 
 1.84545  7.48069 -1.5 
 1.90909  7.47382 -1.5 
 1.97273  7.46482 -1.5 
 1.98284  7.46305 -1.5 
 2.03636  7.45317 -1.5 
 2.1  7.43872 -1.5 
 2.10513  7.43735 -1.5 
 2.16364  7.42062 -1.5 
 2.19024  7.41165 -1.5 
 2.22727  7.39824 -1.5 
 2.25659  7.38594 -1.5 
 2.29091  7.37038 -1.5 
 2.31049  7.36024 -1.5 
 2.35455  7.33538 -1.5 
 2.35586  7.33454 -1.5 
 2.39348  7.30884 -1.5 
 2.41818  7.29026 -1.5 
 2.42671  7.28313 -1.5 
 2.45515  7.25743 -1.5 
 2.48091  7.23173 -1.5 
 2.48182  7.23076 -1.5 
 2.50288  7.20602 -1.5 
 2.52281  7.18032 -1.5 
 2.54096  7.15462 -1.5 
 2.54545  7.14775 -1.5 
 2.55682  7.12892 -1.5 
 2.57107  7.10321 -1.5 
 2.58408  7.07751 -1.5 
 2.59597  7.05181 -1.5 
 2.60682  7.0261 -1.5 
 2.60909  7.02028 -1.5 
 2.61632  7.0004 -1.5 
 2.62488  6.9747 -1.5 
 2.63266  6.949 -1.5 
 2.63972  6.92329 -1.5 
 2.64611  6.89759 -1.5 
 2.65186  6.87189 -1.5 
 2.65702  6.84618 -1.5 
 2.66162  6.82048 -1.5 
 2.66569  6.79478 -1.5 
 2.66925  6.76908 -1.5 
 2.67232  6.74337 -1.5 
 2.67273  6.7394 -1.5 
 2.67483  6.71767 -1.5 
 2.67688  6.69197 -1.5 
 2.67852  6.66627 -1.5 
 2.67977  6.64056 -1.5 
 2.68062  6.61486 -1.5 
 2.68108  6.58916 -1.5 
 2.68118  6.56345 -1.5 
 2.6809  6.53775 -1.5 
 2.68026  6.51205 -1.5 
 2.67926  6.48635 -1.5 
 2.67791  6.46064 -1.5 
 2.67619  6.43494 -1.5 
 2.67411  6.40924 -1.5 
 2.67273  6.39465 -1.5 
 2.67162  6.38353 -1.5 
 2.66867  6.35783 -1.5 
 2.66534  6.33213 -1.5 
 2.66161  6.30643 -1.5 
 2.65748  6.28072 -1.5 
 2.65295  6.25502 -1.5 
 2.64799  6.22932 -1.5 
 2.64261  6.20361 -1.5 
 2.63678  6.17791 -1.5 
 2.63049  6.15221 -1.5 
 2.62373  6.12651 -1.5 
 2.61648  6.1008 -1.5 
 2.60909  6.07631 -1.5 
 2.6087  6.0751 -1.5 
 2.59993  6.0494 -1.5 
 2.59057  6.02369 -1.5 
 2.5806  5.99799 -1.5 
 2.56997  5.97229 -1.5 
 2.55867  5.94659 -1.5 
 2.54664  5.92088 -1.5 
 2.54545  5.91846 -1.5 
 2.53311  5.89518 -1.5 
 2.51864  5.86948 -1.5 

# Contour 32, label: 
 1.52727  5.45109 -1.5 
 1.46465  5.45823 -1.5 
 1.46364  5.45835 -1.5 
 1.4  5.46855 -1.5 
 1.33636  5.48181 -1.5 
 1.32805  5.48394 -1.5 
 1.27273  5.49846 -1.5 
 1.23729  5.50964 -1.5 
 1.20909  5.51882 -1.5 
 1.1658  5.53534 -1.5 
 1.14545  5.5434 -1.5 
 1.1067  5.56104 -1.5 
 1.08182  5.57286 -1.5 
 1.05599  5.58675 -1.5 
 1.01818  5.60807 -1.5 
 1.01124  5.61245 -1.5 
 0.97214  5.63815 -1.5 
 0.954545  5.65032 -1.5 
 0.936814  5.66386 -1.5 
 0.904821  5.68956 -1.5 
 0.890909  5.7013 -1.5 
 0.875774  5.71526 -1.5 
 0.849285  5.74096 -1.5 
 0.827273  5.76361 -1.5 
 0.824531  5.76667 -1.5 
 0.802382  5.79237 -1.5 
 0.78153  5.81807 -1.5 
 0.763636  5.84145 -1.5 
 0.761977  5.84378 -1.5 
 0.744387  5.86948 -1.5 
 0.727817  5.89518 -1.5 
 0.712207  5.92088 -1.5 
 0.7  5.94216 -1.5 
 0.697613  5.94659 -1.5 
 0.684373  5.97229 -1.5 
 0.671911  5.99799 -1.5 
 0.660189  6.02369 -1.5 
 0.649172  6.0494 -1.5 
 0.638828  6.0751 -1.5 
 0.636364  6.08157 -1.5 
 0.629406  6.1008 -1.5 
 0.620673  6.12651 -1.5 
 0.61251  6.15221 -1.5 
 0.604896  6.17791 -1.5 
 0.597813  6.20361 -1.5 
 0.591243  6.22932 -1.5 
 0.585171  6.25502 -1.5 
 0.579585  6.28072 -1.5 
 0.574471  6.30643 -1.5 
 0.572727  6.31602 -1.5 
 0.56992  6.33213 -1.5 
 0.565868  6.35783 -1.5 
 0.562248  6.38353 -1.5 
 0.559055  6.40924 -1.5 
 0.556286  6.43494 -1.5 
 0.553937  6.46064 -1.5 
 0.552007  6.48635 -1.5 
 0.550496  6.51205 -1.5 
 0.549407  6.53775 -1.5 
 0.548741  6.56345 -1.5 
 0.548505  6.58916 -1.5 
 0.548703  6.61486 -1.5 
 0.549345  6.64056 -1.5 
 0.550439  6.66627 -1.5 
 0.551998  6.69197 -1.5 
 0.554036  6.71767 -1.5 
 0.556567  6.74337 -1.5 
 0.559612  6.76908 -1.5 
 0.56319  6.79478 -1.5 
 0.567326  6.82048 -1.5 
 0.572048  6.84618 -1.5 
 0.572727  6.84948 -1.5 
 0.577554  6.87189 -1.5 
 0.583759  6.89759 -1.5 
 0.59068  6.92329 -1.5 
 0.598365  6.949 -1.5 
 0.606866  6.9747 -1.5 
 0.616243  7.0004 -1.5 
 0.626564  7.0261 -1.5 
 0.636364  7.04836 -1.5 
 0.637971  7.05181 -1.5 
 0.650939  7.07751 -1.5 
 0.665168  7.10321 -1.5 
 0.68078  7.12892 -1.5 
 0.697914  7.15462 -1.5 
 0.7  7.15753 -1.5 
 0.717522  7.18032 -1.5 
 0.739188  7.20602 -1.5 
 0.763045  7.23173 -1.5 
 0.763636  7.23232 -1.5 
 0.790744  7.25743 -1.5 
 0.821405  7.28313 -1.5 
 0.827273  7.28769 -1.5 
 0.857116  7.30884 -1.5 
 0.890909  7.33061 -1.5 
 0.897671  7.33454 -1.5 
 0.945566  7.36024 -1.5 
 0.954545  7.36469 -1.5 
 1.00281  7.38594 -1.5 

# Contour 33, label: 
 6.03216  6.51205 -1.5 
 6.03206  6.48635 -1.5 
 6.03178  6.46064 -1.5 
 6.03131  6.43494 -1.5 
 6.03065  6.40924 -1.5 
 6.02981  6.38353 -1.5 
 6.02879  6.35783 -1.5 
 6.02757  6.33213 -1.5 
 6.02617  6.30643 -1.5 
 6.02458  6.28072 -1.5 
 6.0228  6.25502 -1.5 
 6.02081  6.22932 -1.5 
 6.01863  6.20361 -1.5 
 6.01623  6.17791 -1.5 
 6.01362  6.15221 -1.5 
 6.0108  6.12651 -1.5 
 6.00774  6.1008 -1.5 
 6.00445  6.0751 -1.5 
 6.00091  6.0494 -1.5 
 5.99712  6.02369 -1.5 
 5.99307  5.99799 -1.5 
 5.98873  5.97229 -1.5 
 5.9841  5.94659 -1.5 
 5.98182  5.93461 -1.5 
 5.97902  5.92088 -1.5 
 5.97349  5.89518 -1.5 
 5.96759  5.86948 -1.5 
 5.96131  5.84378 -1.5 
 5.95462  5.81807 -1.5 
 5.94749  5.79237 -1.5 
 5.93991  5.76667 -1.5 
 5.93183  5.74096 -1.5 
 5.92323  5.71526 -1.5 
 5.91818  5.70099 -1.5 
 5.91381  5.68956 -1.5 
 5.90345  5.66386 -1.5 
 5.89239  5.63815 -1.5 
 5.88057  5.61245 -1.5 
 5.86793  5.58675 -1.5 
 5.85455  5.56133 -1.5 
 5.85438  5.56104 -1.5 
 5.83892  5.53534 -1.5 
 5.82231  5.50964 -1.5 
 5.80445  5.48394 -1.5 
 5.79091  5.46567 -1.5 
 5.7848  5.45823 -1.5 
 5.76252  5.43253 -1.5 
 5.73842  5.40683 -1.5 
 5.72727  5.39563 -1.5 
 5.71107  5.38112 -1.5 
 5.68037  5.35542 -1.5 
 5.66364  5.34231 -1.5 
 5.6454  5.32972 -1.5 
 5.6055  5.30402 -1.5 
 5.6  5.30066 -1.5 
 5.55789  5.27831 -1.5 
 5.53636  5.26759 -1.5 
 5.50126  5.25261 -1.5 
 5.47273  5.24107 -1.5 
 5.43121  5.22691 -1.5 
 5.40909  5.2197 -1.5 
 5.34545  5.2025 -1.5 
 5.33959  5.2012 -1.5 
 5.28182  5.18879 -1.5 
 5.21818  5.17803 -1.5 
 5.19884  5.1755 -1.5 
 5.15455  5.16983 -1.5 
 5.09091  5.16392 -1.5 
 5.02727  5.16008 -1.5 
 4.96364  5.15817 -1.5 
 4.9  5.15809 -1.5 
 4.83636  5.15977 -1.5 
 4.77273  5.1632 -1.5 
 4.70909  5.16839 -1.5 
 4.64545  5.17541 -1.5 

# Contour 34, label: 
 3.66762  7.18032 -1.5 
 3.68158  7.20602 -1.5 
 3.69091  7.22181 -1.5 
 3.69704  7.23173 -1.5 
 3.71424  7.25743 -1.5 
 3.73324  7.28313 -1.5 
 3.75429  7.30884 -1.5 
 3.75455  7.30912 -1.5 
 3.77819  7.33454 -1.5 
 3.80486  7.36024 -1.5 
 3.81818  7.37197 -1.5 
 3.83518  7.38594 -1.5 
 3.86973  7.41165 -1.5 
 3.88182  7.41986 -1.5 
 3.90974  7.43735 -1.5 
 3.94545  7.45752 -1.5 
 3.95619  7.46305 -1.5 
 4.00909  7.48786 -1.5 
 4.01121  7.48876 -1.5 
 4.07273  7.51263 -1.5 
 4.078  7.51446 -1.5 
 4.13636  7.53311 -1.5 
 4.16143  7.54016 -1.5 
 4.2  7.55024 -1.5 
 4.26364  7.56468 -1.5 
 4.26956  7.56586 -1.5 
 4.32727  7.57671 -1.5 
 4.39091  7.58689 -1.5 
 4.4252  7.59157 -1.5 
 4.45455  7.59537 -1.5 
 4.51818  7.60234 -1.5 
 4.58182  7.60803 -1.5 
 4.64545  7.61253 -1.5 
 4.70909  7.61592 -1.5 
 4.74596  7.61727 -1.5 
 4.77273  7.61822 -1.5 
 4.83636  7.61947 -1.5 
 4.9  7.6197 -1.5 
 4.96364  7.61889 -1.5 
 5.01841  7.61727 -1.5 
 5.02727  7.617 -1.5 
 5.09091  7.61391 -1.5 
 5.15455  7.60955 -1.5 
 5.21818  7.6038 -1.5 
 5.28182  7.59646 -1.5 
 5.31636  7.59157 -1.5 
 5.34545  7.58722 -1.5 
 5.40909  7.57569 -1.5 
 5.45384  7.56586 -1.5 
 5.47273  7.56143 -1.5 
 5.53636  7.54367 -1.5 
 5.54708  7.54016 -1.5 
 5.6  7.52133 -1.5 
 5.61655  7.51446 -1.5 
 5.66364  7.49295 -1.5 
 5.67162  7.48876 -1.5 
 5.71619  7.46305 -1.5 
 5.72727  7.456 -1.5 
 5.75317  7.43735 -1.5 
 5.78501  7.41165 -1.5 
 5.79091  7.40645 -1.5 
 5.81179  7.38594 -1.5 
 5.8353  7.36024 -1.5 
 5.85455  7.33678 -1.5 
 5.85622  7.33454 -1.5 
 5.87403  7.30884 -1.5 
 5.89009  7.28313 -1.5 
 5.90461  7.25743 -1.5 
 5.91779  7.23173 -1.5 
 5.91818  7.23092 -1.5 
 5.92919  7.20602 -1.5 
 5.93955  7.18032 -1.5 
 5.94902  7.15462 -1.5 
 5.95768  7.12892 -1.5 
 5.96561  7.10321 -1.5 
 5.97287  7.07751 -1.5 
 5.97954  7.05181 -1.5 
 5.98182  7.04231 -1.5 
 5.98547  7.0261 -1.5 
 5.99081  7.0004 -1.5 
 5.9957  6.9747 -1.5 
 6.00019  6.949 -1.5 
 6.00428  6.92329 -1.5 
 6.00803  6.89759 -1.5 
 6.01143  6.87189 -1.5 
 6.01453  6.84618 -1.5 
 6.01732  6.82048 -1.5 
 6.01984  6.79478 -1.5 
 6.02209  6.76908 -1.5 
 6.02409  6.74337 -1.5 
 6.02585  6.71767 -1.5 
 6.02737  6.69197 -1.5 
 6.02868  6.66627 -1.5 
 6.02976  6.64056 -1.5 
 6.03064  6.61486 -1.5 
 6.03131  6.58916 -1.5 
 6.03179  6.56345 -1.5 
 6.03207  6.53775 -1.5 
 6.03216  6.51205 -1.5 

# Contour 35, label: 
 4.64545  5.17541 -1.5 
 4.64476  5.1755 -1.5 
 4.58182  5.18432 -1.5 
 4.51818  5.19527 -1.5 
 4.48904  5.2012 -1.5 
 4.45455  5.20842 -1.5 
 4.39091  5.22402 -1.5 
 4.38056  5.22691 -1.5 
 4.32727  5.24235 -1.5 
 4.29617  5.25261 -1.5 
 4.26364  5.2638 -1.5 
 4.22607  5.27831 -1.5 
 4.2  5.28887 -1.5 
 4.1663  5.30402 -1.5 
 4.13636  5.3182 -1.5 
 4.11423  5.32972 -1.5 
 4.07273  5.35264 -1.5 
 4.0681  5.35542 -1.5 
 4.02734  5.38112 -1.5 
 4.00909  5.39337 -1.5 
 3.99048  5.40683 -1.5 
 3.95705  5.43253 -1.5 
 3.94545  5.44195 -1.5 
 3.9267  5.45823 -1.5 
 3.89888  5.48394 -1.5 
 3.88182  5.5007 -1.5 
 3.87324  5.50964 -1.5 
 3.84978  5.53534 -1.5 
 3.8279  5.56104 -1.5 
 3.81818  5.57309 -1.5 
 3.8077  5.58675 -1.5 
 3.78899  5.61245 -1.5 
 3.77148  5.63815 -1.5 
 3.75506  5.66386 -1.5 
 3.75455  5.66469 -1.5 
 3.73991  5.68956 -1.5 
 3.7257  5.71526 -1.5 
 3.71234  5.74096 -1.5 
 3.69978  5.76667 -1.5 
 3.69091  5.78586 -1.5 
 3.688  5.79237 -1.5 
 3.67703  5.81807 -1.5 
 3.6667  5.84378 -1.5 
 3.65698  5.86948 -1.5 
 3.64783  5.89518 -1.5 
 3.63922  5.92088 -1.5 
 3.63112  5.94659 -1.5 
 3.62727  5.95945 -1.5 
 3.62353  5.97229 -1.5 
 3.61644  5.99799 -1.5 
 3.60978  6.02369 -1.5 
 3.60353  6.0494 -1.5 
 3.59767  6.0751 -1.5 
 3.59219  6.1008 -1.5 
 3.58708  6.12651 -1.5 
 3.58232  6.15221 -1.5 
 3.57789  6.17791 -1.5 
 3.57379  6.20361 -1.5 
 3.57001  6.22932 -1.5 
 3.56654  6.25502 -1.5 
 3.56364  6.27857 -1.5 
 3.56337  6.28072 -1.5 
 3.56052  6.30643 -1.5 
 3.55795  6.33213 -1.5 
 3.55567  6.35783 -1.5 
 3.55367  6.38353 -1.5 
 3.55194  6.40924 -1.5 
 3.55049  6.43494 -1.5 
 3.54932  6.46064 -1.5 
 3.54842  6.48635 -1.5 
 3.5478  6.51205 -1.5 
 3.54746  6.53775 -1.5 
 3.5474  6.56345 -1.5 
 3.54762  6.58916 -1.5 
 3.54814  6.61486 -1.5 
 3.54895  6.64056 -1.5 
 3.55007  6.66627 -1.5 
 3.5515  6.69197 -1.5 
 3.55326  6.71767 -1.5 
 3.55535  6.74337 -1.5 
 3.55779  6.76908 -1.5 
 3.56059  6.79478 -1.5 
 3.56364  6.81932 -1.5 
 3.56378  6.82048 -1.5 
 3.5674  6.84618 -1.5 
 3.57145  6.87189 -1.5 
 3.57595  6.89759 -1.5 
 3.58093  6.92329 -1.5 
 3.58642  6.949 -1.5 
 3.59247  6.9747 -1.5 
 3.59911  7.0004 -1.5 
 3.60639  7.0261 -1.5 
 3.61437  7.05181 -1.5 
 3.6231  7.07751 -1.5 
 3.62727  7.08887 -1.5 
 3.63272  7.10321 -1.5 
 3.64331  7.12892 -1.5 
 3.65491  7.15462 -1.5 
 3.66762  7.18032 -1.5 

# Contour 36, label: 
 5.15455  4.12846 -1.5 
 5.18847  4.12169 -1.5 
 5.21818  4.11548 -1.5 
 5.28182  4.0979 -1.5 
 5.28733  4.09598 -1.5 
 5.34545  4.07464 -1.5 
 5.35517  4.07028 -1.5 
 5.40886  4.04458 -1.5 
 5.40909  4.04446 -1.5 
 5.45136  4.01888 -1.5 
 5.47273  4.00494 -1.5 
 5.48821  3.99317 -1.5 
 5.51971  3.96747 -1.5 
 5.53636  3.95284 -1.5 
 5.54737  3.94177 -1.5 
 5.57118  3.91606 -1.5 
 5.59313  3.89036 -1.5 
 5.6  3.88175 -1.5 
 5.61207  3.86466 -1.5 
 5.62892  3.83896 -1.5 
 5.64445  3.81325 -1.5 
 5.65877  3.78755 -1.5 
 5.66364  3.77815 -1.5 
 5.67122  3.76185 -1.5 
 5.68228  3.73614 -1.5 
 5.69243  3.71044 -1.5 
 5.70174  3.68474 -1.5 
 5.71025  3.65904 -1.5 
 5.71801  3.63333 -1.5 
 5.72505  3.60763 -1.5 
 5.72727  3.59868 -1.5 
 5.73107  3.58193 -1.5 
 5.73632  3.55622 -1.5 
 5.74099  3.53052 -1.5 
 5.74511  3.50482 -1.5 
 5.74869  3.47912 -1.5 
 5.75177  3.45341 -1.5 
 5.75434  3.42771 -1.5 
 5.75643  3.40201 -1.5 
 5.75805  3.37631 -1.5 
 5.75919  3.3506 -1.5 
 5.75988  3.3249 -1.5 
 5.76012  3.2992 -1.5 
 5.75991  3.27349 -1.5 
 5.75925  3.24779 -1.5 
 5.75815  3.22209 -1.5 
 5.7566  3.19639 -1.5 
 5.75461  3.17068 -1.5 
 5.75217  3.14498 -1.5 
 5.74927  3.11928 -1.5 
 5.74591  3.09357 -1.5 
 5.74208  3.06787 -1.5 
 5.73777  3.04217 -1.5 
 5.73298  3.01647 -1.5 
 5.72768  2.99076 -1.5 
 5.72727  2.98893 -1.5 
 5.72138  2.96506 -1.5 
 5.71445  2.93936 -1.5 
 5.70693  2.91365 -1.5 
 5.69878  2.88795 -1.5 
 5.68997  2.86225 -1.5 
 5.68049  2.83655 -1.5 
 5.6703  2.81084 -1.5 
 5.66364  2.79509 -1.5 
 5.65893  2.78514 -1.5 
 5.64602  2.75944 -1.5 
 5.63219  2.73373 -1.5 
 5.6174  2.70803 -1.5 
 5.60159  2.68233 -1.5 
 5.6  2.67986 -1.5 
 5.58294  2.65663 -1.5 
 5.56282  2.63092 -1.5 
 5.54132  2.60522 -1.5 
 5.53636  2.59959 -1.5 
 5.51599  2.57952 -1.5 
 5.48822  2.55382 -1.5 
 5.47273  2.54026 -1.5 
 5.4564  2.52811 -1.5 
 5.41985  2.50241 -1.5 
 5.40909  2.49522 -1.5 
 5.37572  2.47671 -1.5 
 5.34545  2.46079 -1.5 
 5.32235  2.451 -1.5 
 5.28182  2.4346 -1.5 
 5.25205  2.4253 -1.5 
 5.21818  2.41513 -1.5 
 5.15455  2.40129 -1.5 
 5.14263  2.3996 -1.5 
 5.09091  2.39247 -1.5 
 5.02727  2.3881 -1.5 
 4.96364  2.38788 -1.5 
 4.9  2.39162 -1.5 
 4.83636  2.39926 -1.5 

# Contour 37, label: 
 4.83636  2.39926 -1.5 
 4.83447  2.3996 -1.5 
 4.77273  2.41096 -1.5 
 4.71469  2.4253 -1.5 
 4.70909  2.42673 -1.5 
 4.64545  2.447 -1.5 
 4.63496  2.451 -1.5 
 4.58182  2.47214 -1.5 
 4.57196  2.47671 -1.5 
 4.51891  2.50241 -1.5 
 4.51818  2.50278 -1.5 
 4.47411  2.52811 -1.5 
 4.45455  2.53995 -1.5 
 4.43403  2.55382 -1.5 
 4.39796  2.57952 -1.5 
 4.39091  2.58478 -1.5 
 4.36602  2.60522 -1.5 
 4.33647  2.63092 -1.5 
 4.32727  2.63934 -1.5 
 4.30985  2.65663 -1.5 
 4.28536  2.68233 -1.5 
 4.26364  2.70656 -1.5 
 4.2624  2.70803 -1.5 
 4.24192  2.73373 -1.5 
 4.22267  2.75944 -1.5 
 4.20459  2.78514 -1.5 
 4.2  2.79204 -1.5 
 4.1882  2.81084 -1.5 
 4.17303  2.83655 -1.5 
 4.15883  2.86225 -1.5 
 4.14556  2.88795 -1.5 
 4.13636  2.90698 -1.5 
 4.1333  2.91365 -1.5 
 4.12222  2.93936 -1.5 
 4.11194  2.96506 -1.5 
 4.10243  2.99076 -1.5 
 4.09366  3.01647 -1.5 
 4.08561  3.04217 -1.5 
 4.07828  3.06787 -1.5 
 4.07273  3.08931 -1.5 
 4.07167  3.09357 -1.5 
 4.0659  3.11928 -1.5 
 4.06077  3.14498 -1.5 
 4.05629  3.17068 -1.5 
 4.05243  3.19639 -1.5 
 4.0492  3.22209 -1.5 
 4.04659  3.24779 -1.5 
 4.04461  3.27349 -1.5 
 4.04325  3.2992 -1.5 
 4.04252  3.3249 -1.5 
 4.04242  3.3506 -1.5 
 4.04296  3.37631 -1.5 
 4.04416  3.40201 -1.5 
 4.04603  3.42771 -1.5 
 4.04858  3.45341 -1.5 
 4.05182  3.47912 -1.5 
 4.05579  3.50482 -1.5 
 4.0605  3.53052 -1.5 
 4.06599  3.55622 -1.5 
 4.07228  3.58193 -1.5 
 4.07273  3.58355 -1.5 
 4.07966  3.60763 -1.5 
 4.08797  3.63333 -1.5 
 4.09724  3.65904 -1.5 
 4.10752  3.68474 -1.5 
 4.11888  3.71044 -1.5 
 4.13138  3.73614 -1.5 
 4.13636  3.74557 -1.5 
 4.14548  3.76185 -1.5 
 4.16117  3.78755 -1.5 
 4.17831  3.81325 -1.5 
 4.19702  3.83896 -1.5 
 4.2  3.84276 -1.5 
 4.21837  3.86466 -1.5 
 4.24182  3.89036 -1.5 
 4.26364  3.91237 -1.5 
 4.26761  3.91606 -1.5 
 4.29726  3.94177 -1.5 
 4.32727  3.96566 -1.5 
 4.32977  3.96747 -1.5 
 4.36776  3.99317 -1.5 
 4.39091  4.00767 -1.5 
 4.41092  4.01888 -1.5 
 4.45455  4.04158 -1.5 
 4.4611  4.04458 -1.5 
 4.51818  4.069 -1.5 
 4.52168  4.07028 -1.5 
 4.58182  4.09109 -1.5 
 4.59878  4.09598 -1.5 
 4.64545  4.10874 -1.5 
 4.70447  4.12169 -1.5 
 4.70909  4.12265 -1.5 
 4.77273  4.13291 -1.5 
 4.83636  4.14003 -1.5 
 4.9  4.14408 -1.5 
 4.96364  4.14505 -1.5 
 5.02727  4.14288 -1.5 
 5.09091  4.13742 -1.5 
 5.15455  4.12846 -1.5 


# Contour 38, label:       -2
 1.90909  7.30602 -2 
 1.97273  7.29101 -2 
 1.99955  7.28313 -2 
 2.03636  7.27162 -2 
 2.07393  7.25743 -2 
 2.1  7.24688 -2 
 2.1318  7.23173 -2 
 2.16364  7.21537 -2 
 2.17938  7.20602 -2 
 2.21945  7.18032 -2 
 2.22727  7.17492 -2 
 2.25315  7.15462 -2 
 2.28318  7.12892 -2 
 2.29091  7.12178 -2 
 2.30888  7.10321 -2 
 2.33173  7.07751 -2 
 2.3526  7.05181 -2 
 2.35455  7.04921 -2 
 2.3703  7.0261 -2 
 2.38632  7.0004 -2 
 2.40091  6.9747 -2 
 2.41418  6.949 -2 
 2.41818  6.94052 -2 
 2.42565  6.92329 -2 
 2.43577  6.89759 -2 
 2.44488  6.87189 -2 
 2.45305  6.84618 -2 
 2.46032  6.82048 -2 
 2.46675  6.79478 -2 
 2.47236  6.76908 -2 
 2.4772  6.74337 -2 
 2.4813  6.71767 -2 
 2.48182  6.71374 -2 
 2.4845  6.69197 -2 
 2.48701  6.66627 -2 
 2.4889  6.64056 -2 
 2.49017  6.61486 -2 
 2.49085  6.58916 -2 
 2.49094  6.56345 -2 
 2.49044  6.53775 -2 
 2.48938  6.51205 -2 
 2.48774  6.48635 -2 
 2.48555  6.46064 -2 
 2.48278  6.43494 -2 
 2.48182  6.42748 -2 
 2.47929  6.40924 -2 
 2.47511  6.38353 -2 
 2.47032  6.35783 -2 
 2.46491  6.33213 -2 
 2.45887  6.30643 -2 
 2.45218  6.28072 -2 
 2.44483  6.25502 -2 
 2.4368  6.22932 -2 
 2.42809  6.20361 -2 
 2.41865  6.17791 -2 
 2.41818  6.17671 -2 
 2.40772  6.15221 -2 
 2.39592  6.12651 -2 
 2.38327  6.1008 -2 
 2.36972  6.0751 -2 
 2.35524  6.0494 -2 
 2.35455  6.04822 -2 
 2.33848  6.02369 -2 
 2.32054  5.99799 -2 
 2.30144  5.97229 -2 
 2.29091  5.95888 -2 
 2.28011  5.94659 -2 
 2.25629  5.92088 -2 
 2.23096  5.89518 -2 
 2.22727  5.89161 -2 
 2.20136  5.86948 -2 
 2.16942  5.84378 -2 
 2.16364  5.83932 -2 
 2.13174  5.81807 -2 
 2.1  5.79803 -2 
 2.08942  5.79237 -2 
 2.03917  5.76667 -2 
 2.03636  5.76529 -2 
 1.97629  5.74096 -2 
 1.97273  5.73958 -2 
 1.90909  5.7198 -2 
 1.88973  5.71526 -2 
 1.84545  5.70518 -2 
 1.78182  5.69517 -2 
 1.71977  5.68956 -2 
 1.71818  5.68942 -2 
 1.65455  5.68776 -2 

# Contour 39, label: 
 1.65455  5.68776 -2 
 1.60433  5.68956 -2 
 1.59091  5.69004 -2 
 1.52727  5.69632 -2 
 1.46364  5.70662 -2 
 1.42548  5.71526 -2 
 1.4  5.72119 -2 
 1.33636  5.74036 -2 
 1.33473  5.74096 -2 
 1.27273  5.76471 -2 
 1.26845  5.76667 -2 
 1.21429  5.79237 -2 
 1.20909  5.79494 -2 
 1.1688  5.81807 -2 
 1.14545  5.83213 -2 
 1.12849  5.84378 -2 
 1.0928  5.86948 -2 
 1.08182  5.87776 -2 
 1.06122  5.89518 -2 
 1.0324  5.92088 -2 
 1.01818  5.93423 -2 
 1.00628  5.94659 -2 
 0.982752  5.97229 -2 
 0.960601  5.99799 -2 
 0.954545  6.00538 -2 
 0.940808  6.02369 -2 
 0.922606  6.0494 -2 
 0.905511  6.0751 -2 
 0.890909  6.09848 -2 
 0.889567  6.1008 -2 
 0.875496  6.12651 -2 
 0.862343  6.15221 -2 
 0.850073  6.17791 -2 
 0.838657  6.20361 -2 
 0.828068  6.22932 -2 
 0.827273  6.23139 -2 
 0.818787  6.25502 -2 
 0.810288  6.28072 -2 
 0.80251  6.30643 -2 
 0.795439  6.33213 -2 
 0.78906  6.35783 -2 
 0.783363  6.38353 -2 
 0.77834  6.40924 -2 
 0.773986  6.43494 -2 
 0.770295  6.46064 -2 
 0.767267  6.48635 -2 
 0.764902  6.51205 -2 
 0.763636  6.53117 -2 
 0.763224  6.53775 -2 
 0.762247  6.56345 -2 
 0.761914  6.58916 -2 
 0.762236  6.61486 -2 
 0.763224  6.64056 -2 
 0.763636  6.64692 -2 
 0.76496  6.66627 -2 
 0.767453  6.69197 -2 
 0.770705  6.71767 -2 
 0.774741  6.74337 -2 
 0.77959  6.76908 -2 
 0.785285  6.79478 -2 
 0.791867  6.82048 -2 
 0.799378  6.84618 -2 
 0.807867  6.87189 -2 
 0.817392  6.89759 -2 
 0.827273  6.92152 -2 
 0.82806  6.92329 -2 
 0.840568  6.949 -2 
 0.854404  6.9747 -2 
 0.869666  7.0004 -2 
 0.886465  7.0261 -2 
 0.890909  7.03237 -2 
 0.905896  7.05181 -2 
 0.927568  7.07751 -2 
 0.951351  7.10321 -2 
 0.954545  7.10642 -2 
 0.979254  7.12892 -2 
 1.01016  7.15462 -2 
 1.01818  7.1608 -2 
 1.04646  7.18032 -2 
 1.08182  7.20272 -2 
 1.08773  7.20602 -2 
 1.13726  7.23173 -2 
 1.14545  7.23567 -2 
 1.19761  7.25743 -2 
 1.20909  7.26189 -2 
 1.27273  7.28283 -2 
 1.27382  7.28313 -2 
 1.33636  7.29919 -2 
 1.38387  7.30884 -2 
 1.4  7.31194 -2 
 1.46364  7.32124 -2 
 1.52727  7.3276 -2 
 1.59091  7.33114 -2 
 1.65455  7.3319 -2 
 1.71818  7.32988 -2 
 1.78182  7.325 -2 
 1.84545  7.31715 -2 
 1.8936  7.30884 -2 
 1.90909  7.30602 -2 

# Contour 40, label: 
 5.91187  6.15221 -2 
 5.90766  6.12651 -2 
 5.90311  6.1008 -2 
 5.89821  6.0751 -2 
 5.89294  6.0494 -2 
 5.8873  6.02369 -2 
 5.88125  5.99799 -2 
 5.8748  5.97229 -2 
 5.8679  5.94659 -2 
 5.86055  5.92088 -2 
 5.85455  5.90112 -2 
 5.85259  5.89518 -2 
 5.84371  5.86948 -2 
 5.83425  5.84378 -2 
 5.82417  5.81807 -2 
 5.81344  5.79237 -2 
 5.80202  5.76667 -2 
 5.79091  5.74317 -2 
 5.78977  5.74096 -2 
 5.77587  5.71526 -2 
 5.76106  5.68956 -2 
 5.74524  5.66386 -2 
 5.72836  5.63815 -2 
 5.72727  5.63656 -2 
 5.70897  5.61245 -2 
 5.68813  5.58675 -2 
 5.66581  5.56104 -2 
 5.66364  5.55865 -2 
 5.63994  5.53534 -2 
 5.61193  5.50964 -2 
 5.6  5.49926 -2 
 5.58  5.48394 -2 
 5.5443  5.45823 -2 
 5.53636  5.4528 -2 
 5.50232  5.43253 -2 
 5.47273  5.41593 -2 
 5.45377  5.40683 -2 
 5.40909  5.38643 -2 
 5.39525  5.38112 -2 
 5.34545  5.36283 -2 
 5.32089  5.35542 -2 
 5.28182  5.34405 -2 
 5.2199  5.32972 -2 
 5.21818  5.32933 -2 
 5.15455  5.31815 -2 
 5.09091  5.31006 -2 
 5.02727  5.30477 -2 
 5.00963  5.30402 -2 
 4.96364  5.30208 -2 
 4.9  5.30185 -2 
 4.83636  5.30399 -2 

# Contour 41, label: 
 3.89349  7.23173 -2 
 3.9184  7.25743 -2 
 3.94545  7.28271 -2 
 3.94594  7.28313 -2 
 3.97758  7.30884 -2 
 4.00909  7.33195 -2 
 4.01292  7.33454 -2 
 4.05392  7.36024 -2 
 4.07273  7.37103 -2 
 4.10128  7.38594 -2 
 4.13636  7.40277 -2 
 4.15691  7.41165 -2 
 4.2  7.42886 -2 
 4.22392  7.43735 -2 
 4.26364  7.45047 -2 
 4.30713  7.46305 -2 
 4.32727  7.46851 -2 
 4.39091  7.48352 -2 
 4.41682  7.48876 -2 
 4.45455  7.49597 -2 
 4.51818  7.50621 -2 
 4.58091  7.51446 -2 
 4.58182  7.51457 -2 
 4.64545  7.52104 -2 
 4.70909  7.52591 -2 
 4.77273  7.52925 -2 
 4.83636  7.53111 -2 
 4.9  7.53148 -2 
 4.96364  7.53033 -2 
 5.02727  7.52762 -2 
 5.09091  7.52325 -2 
 5.15455  7.51707 -2 
 5.17521  7.51446 -2 
 5.21818  7.50877 -2 
 5.28182  7.49811 -2 
 5.32694  7.48876 -2 
 5.34545  7.4847 -2 
 5.40909  7.46786 -2 
 5.42439  7.46305 -2 
 5.47273  7.44677 -2 
 5.49653  7.43735 -2 
 5.53636  7.42029 -2 
 5.5538  7.41165 -2 
 5.6  7.38664 -2 
 5.60112  7.38594 -2 
 5.63982  7.36024 -2 
 5.66364  7.34277 -2 
 5.67361  7.33454 -2 
 5.70235  7.30884 -2 
 5.72727  7.28415 -2 
 5.7282  7.28313 -2 
 5.75004  7.25743 -2 
 5.76985  7.23173 -2 
 5.78788  7.20602 -2 
 5.79091  7.20139 -2 
 5.80348  7.18032 -2 
 5.81755  7.15462 -2 
 5.83042  7.12892 -2 
 5.84221  7.10321 -2 
 5.85301  7.07751 -2 
 5.85455  7.07359 -2 
 5.86244  7.05181 -2 
 5.871  7.0261 -2 
 5.87886  7.0004 -2 
 5.88606  6.9747 -2 
 5.89265  6.949 -2 
 5.89868  6.92329 -2 
 5.90418  6.89759 -2 
 5.90919  6.87189 -2 
 5.91374  6.84618 -2 
 5.91785  6.82048 -2 
 5.91818  6.81817 -2 
 5.92137  6.79478 -2 
 5.9245  6.76908 -2 
 5.92729  6.74337 -2 
 5.92973  6.71767 -2 
 5.93185  6.69197 -2 
 5.93365  6.66627 -2 
 5.93516  6.64056 -2 
 5.93637  6.61486 -2 
 5.9373  6.58916 -2 
 5.93795  6.56345 -2 
 5.93832  6.53775 -2 
 5.93843  6.51205 -2 
 5.93828  6.48635 -2 
 5.93786  6.46064 -2 
 5.93719  6.43494 -2 
 5.93625  6.40924 -2 
 5.93506  6.38353 -2 
 5.9336  6.35783 -2 
 5.93189  6.33213 -2 
 5.92991  6.30643 -2 
 5.92766  6.28072 -2 
 5.92514  6.25502 -2 
 5.92234  6.22932 -2 
 5.91926  6.20361 -2 
 5.91818  6.19538 -2 
 5.91575  6.17791 -2 
 5.91187  6.15221 -2 

# Contour 42, label: 
 4.83636  5.30399 -2 
 4.83596  5.30402 -2 
 4.77273  5.30849 -2 
 4.70909  5.31535 -2 
 4.64545  5.32466 -2 
 4.61799  5.32972 -2 
 4.58182  5.33654 -2 
 4.51818  5.35117 -2 
 4.5025  5.35542 -2 
 4.45455  5.36883 -2 
 4.41673  5.38112 -2 
 4.39091  5.38983 -2 
 4.34672  5.40683 -2 
 4.32727  5.41462 -2 
 4.28752  5.43253 -2 
 4.26364  5.4438 -2 
 4.23607  5.45823 -2 
 4.2  5.47812 -2 
 4.19039  5.48394 -2 
 4.14986  5.50964 -2 
 4.13636  5.51865 -2 
 4.11334  5.53534 -2 
 4.07989  5.56104 -2 
 4.07273  5.56681 -2 
 4.04969  5.58675 -2 
 4.02172  5.61245 -2 
 4.00909  5.62468 -2 
 3.99604  5.63815 -2 
 3.9724  5.66386 -2 
 3.95022  5.68956 -2 
 3.94545  5.69533 -2 
 3.92989  5.71526 -2 
 3.91094  5.74096 -2 
 3.89311  5.76667 -2 
 3.88182  5.78385 -2 
 3.87649  5.79237 -2 
 3.86113  5.81807 -2 
 3.84667  5.84378 -2 
 3.83305  5.86948 -2 
 3.82024  5.89518 -2 
 3.81818  5.8995 -2 
 3.8084  5.92088 -2 
 3.7973  5.94659 -2 
 3.78687  5.97229 -2 
 3.77706  5.99799 -2 
 3.76785  6.02369 -2 
 3.75921  6.0494 -2 
 3.75455  6.06412 -2 
 3.75117  6.0751 -2 
 3.74374  6.1008 -2 
 3.7368  6.12651 -2 
 3.73034  6.15221 -2 
 3.72433  6.17791 -2 
 3.71877  6.20361 -2 
 3.71365  6.22932 -2 
 3.70894  6.25502 -2 
 3.70465  6.28072 -2 
 3.70076  6.30643 -2 
 3.69726  6.33213 -2 
 3.69416  6.35783 -2 
 3.69144  6.38353 -2 
 3.69091  6.38932 -2 
 3.68912  6.40924 -2 
 3.68719  6.43494 -2 
 3.68564  6.46064 -2 
 3.68445  6.48635 -2 
 3.68364  6.51205 -2 
 3.68321  6.53775 -2 
 3.68316  6.56345 -2 
 3.6835  6.58916 -2 
 3.68424  6.61486 -2 
 3.68538  6.64056 -2 
 3.68693  6.66627 -2 
 3.68891  6.69197 -2 
 3.69091  6.71323 -2 
 3.69134  6.71767 -2 
 3.69426  6.74337 -2 
 3.69766  6.76908 -2 
 3.70158  6.79478 -2 
 3.70602  6.82048 -2 
 3.71101  6.84618 -2 
 3.7166  6.87189 -2 
 3.72281  6.89759 -2 
 3.72968  6.92329 -2 
 3.73726  6.949 -2 
 3.7456  6.9747 -2 
 3.75455  6.99984 -2 
 3.75475  7.0004 -2 
 3.765  7.0261 -2 
 3.77622  7.05181 -2 
 3.78851  7.07751 -2 
 3.80195  7.10321 -2 
 3.81667  7.12892 -2 
 3.81818  7.13138 -2 
 3.83317  7.15462 -2 
 3.85131  7.18032 -2 
 3.87123  7.20602 -2 
 3.88182  7.21863 -2 
 3.89349  7.23173 -2 

# Contour 43, label: 
 5.4481  3.09357 -2 
 5.43903  3.06787 -2 
 5.42884  3.04217 -2 
 5.41751  3.01647 -2 
 5.40909  2.99911 -2 
 5.40431  2.99076 -2 
 5.38826  2.96506 -2 
 5.37074  2.93936 -2 
 5.3517  2.91365 -2 
 5.34545  2.90582 -2 
 5.32813  2.88795 -2 
 5.30129  2.86225 -2 
 5.28182  2.84487 -2 
 5.26997  2.83655 -2 
 5.23096  2.81084 -2 
 5.21818  2.80293 -2 
 5.17938  2.78514 -2 
 5.15455  2.7744 -2 
 5.10252  2.75944 -2 
 5.09091  2.75626 -2 
 5.02727  2.74708 -2 
 4.96364  2.74574 -2 
 4.9  2.75186 -2 

# Contour 44, label: 
 4.9  2.75186 -2 
 4.86392  2.75944 -2 
 4.83636  2.76547 -2 
 4.77779  2.78514 -2 
 4.77273  2.78692 -2 
 4.72208  2.81084 -2 
 4.70909  2.81732 -2 
 4.67815  2.83655 -2 
 4.64545  2.85813 -2 
 4.64022  2.86225 -2 
 4.60939  2.88795 -2 
 4.58182  2.91257 -2 
 4.58077  2.91365 -2 
 4.55734  2.93936 -2 
 4.5356  2.96506 -2 
 4.51818  2.9873 -2 
 4.51577  2.99076 -2 
 4.49921  3.01647 -2 
 4.48404  3.04217 -2 
 4.47022  3.06787 -2 
 4.45774  3.09357 -2 
 4.45455  3.10091 -2 
 4.44729  3.11928 -2 
 4.43831  3.14498 -2 
 4.43049  3.17068 -2 
 4.42383  3.19639 -2 
 4.41832  3.22209 -2 
 4.41396  3.24779 -2 
 4.41075  3.27349 -2 
 4.40871  3.2992 -2 
 4.40783  3.3249 -2 
 4.40813  3.3506 -2 
 4.40963  3.37631 -2 
 4.41236  3.40201 -2 
 4.41634  3.42771 -2 
 4.4216  3.45341 -2 
 4.42819  3.47912 -2 
 4.43613  3.50482 -2 
 4.44549  3.53052 -2 
 4.45455  3.55206 -2 
 4.45649  3.55622 -2 
 4.47012  3.58193 -2 
 4.48552  3.60763 -2 
 4.50277  3.63333 -2 
 4.51818  3.65399 -2 
 4.52247  3.65904 -2 
 4.54642  3.68474 -2 
 4.57286  3.71044 -2 
 4.58182  3.71844 -2 
 4.60505  3.73614 -2 
 4.6419  3.76185 -2 
 4.64545  3.76414 -2 
 4.68954  3.78755 -2 
 4.70909  3.79715 -2 
 4.75124  3.81325 -2 
 4.77273  3.8209 -2 
 4.83636  3.83699 -2 
 4.84955  3.83896 -2 
 4.9  3.84606 -2 
 4.96364  3.84873 -2 
 5.02727  3.84501 -2 
 5.06451  3.83896 -2 
 5.09091  3.83442 -2 
 5.15455  3.81609 -2 
 5.16147  3.81325 -2 
 5.21818  3.78843 -2 
 5.21971  3.78755 -2 
 5.2615  3.76185 -2 
 5.28182  3.74836 -2 
 5.29657  3.73614 -2 
 5.32529  3.71044 -2 
 5.34545  3.69081 -2 
 5.35063  3.68474 -2 
 5.37084  3.65904 -2 
 5.38925  3.63333 -2 
 5.40597  3.60763 -2 
 5.40909  3.60234 -2 
 5.41937  3.58193 -2 
 5.431  3.55622 -2 
 5.44134  3.53052 -2 
 5.45044  3.50482 -2 
 5.45835  3.47912 -2 
 5.46509  3.45341 -2 
 5.47071  3.42771 -2 
 5.47273  3.41627 -2 
 5.47492  3.40201 -2 
 5.47793  3.37631 -2 
 5.48001  3.3506 -2 
 5.48118  3.3249 -2 
 5.48145  3.2992 -2 
 5.48081  3.27349 -2 
 5.47929  3.24779 -2 
 5.47687  3.22209 -2 
 5.47356  3.19639 -2 
 5.47273  3.19128 -2 
 5.46886  3.17068 -2 
 5.463  3.14498 -2 
 5.45609  3.11928 -2 
 5.4481  3.09357 -2 


# Contour 45, label:     -2.5
 2.24164  6.46064 -2.5 
 2.23675  6.43494 -2.5 
 2.23088  6.40924 -2.5 
 2.22727  6.39566 -2.5 
 2.22367  6.38353 -2.5 
 2.21494  6.35783 -2.5 
 2.20509  6.33213 -2.5 
 2.19409  6.30643 -2.5 
 2.18193  6.28072 -2.5 
 2.16858  6.25502 -2.5 
 2.16364  6.24624 -2.5 
 2.15277  6.22932 -2.5 
 2.13489  6.20361 -2.5 
 2.11554  6.17791 -2.5 
 2.1  6.15871 -2.5 
 2.09388  6.15221 -2.5 
 2.06804  6.12651 -2.5 
 2.04032  6.1008 -2.5 
 2.03636  6.09734 -2.5 
 2.00596  6.0751 -2.5 
 1.97273  6.05229 -2.5 
 1.96749  6.0494 -2.5 
 1.91847  6.02369 -2.5 
 1.90909  6.01903 -2.5 
 1.85373  5.99799 -2.5 
 1.84545  5.99499 -2.5 
 1.78182  5.9788 -2.5 
 1.73815  5.97229 -2.5 
 1.71818  5.96942 -2.5 
 1.65455  5.96647 -2.5 
 1.59091  5.96961 -2.5 

# Contour 46, label: 
 1.59091  5.96961 -2.5 
 1.5723  5.97229 -2.5 
 1.52727  5.97899 -2.5 
 1.46364  5.99478 -2.5 
 1.45438  5.99799 -2.5 
 1.4  6.01771 -2.5 
 1.38721  6.02369 -2.5 
 1.33636  6.04868 -2.5 
 1.33517  6.0494 -2.5 
 1.29451  6.0751 -2.5 
 1.27273  6.08969 -2.5 
 1.25869  6.1008 -2.5 
 1.22806  6.12651 -2.5 
 1.20909  6.14346 -2.5 
 1.2006  6.15221 -2.5 
 1.17714  6.17791 -2.5 
 1.1553  6.20361 -2.5 
 1.14545  6.21604 -2.5 
 1.13614  6.22932 -2.5 
 1.11939  6.25502 -2.5 
 1.10399  6.28072 -2.5 
 1.08988  6.30643 -2.5 
 1.08182  6.32255 -2.5 
 1.0775  6.33213 -2.5 
 1.06701  6.35783 -2.5 
 1.05764  6.38353 -2.5 
 1.04939  6.40924 -2.5 
 1.04224  6.43494 -2.5 
 1.03619  6.46064 -2.5 
 1.03123  6.48635 -2.5 
 1.02737  6.51205 -2.5 
 1.02462  6.53775 -2.5 
 1.02298  6.56345 -2.5 
 1.02247  6.58916 -2.5 
 1.0231  6.61486 -2.5 
 1.02489  6.64056 -2.5 
 1.02788  6.66627 -2.5 
 1.03209  6.69197 -2.5 
 1.03757  6.71767 -2.5 
 1.04435  6.74337 -2.5 
 1.05248  6.76908 -2.5 
 1.06203  6.79478 -2.5 
 1.07306  6.82048 -2.5 
 1.08182  6.83843 -2.5 
 1.08603  6.84618 -2.5 
 1.10171  6.87189 -2.5 
 1.11931  6.89759 -2.5 
 1.13893  6.92329 -2.5 
 1.14545  6.93106 -2.5 
 1.16256  6.949 -2.5 
 1.18958  6.9747 -2.5 
 1.20909  6.99161 -2.5 
 1.22087  7.0004 -2.5 
 1.25842  7.0261 -2.5 
 1.27273  7.03511 -2.5 
 1.30442  7.05181 -2.5 
 1.33636  7.06733 -2.5 
 1.36239  7.07751 -2.5 
 1.4  7.09118 -2.5 
 1.44359  7.10321 -2.5 
 1.46364  7.10839 -2.5 
 1.52727  7.11979 -2.5 
 1.59091  7.12619 -2.5 
 1.65455  7.12768 -2.5 
 1.71818  7.12426 -2.5 
 1.78182  7.11582 -2.5 
 1.84052  7.10321 -2.5 
 1.84545  7.10208 -2.5 
 1.90909  7.08181 -2.5 
 1.91951  7.07751 -2.5 
 1.97273  7.0539 -2.5 
 1.97655  7.05181 -2.5 
 2.02013  7.0261 -2.5 
 2.03636  7.01571 -2.5 
 2.05641  7.0004 -2.5 
 2.08728  6.9747 -2.5 
 2.1  6.96313 -2.5 
 2.11339  6.949 -2.5 
 2.1356  6.92329 -2.5 
 2.15569  6.89759 -2.5 
 2.16364  6.88635 -2.5 
 2.17264  6.87189 -2.5 
 2.18702  6.84618 -2.5 
 2.19982  6.82048 -2.5 
 2.21111  6.79478 -2.5 
 2.22097  6.76908 -2.5 
 2.22727  6.75 -2.5 
 2.22924  6.74337 -2.5 
 2.23569  6.71767 -2.5 
 2.24099  6.69197 -2.5 
 2.24519  6.66627 -2.5 
 2.2483  6.64056 -2.5 
 2.25037  6.61486 -2.5 
 2.2514  6.58916 -2.5 
 2.25143  6.56345 -2.5 
 2.25045  6.53775 -2.5 
 2.24849  6.51205 -2.5 
 2.24556  6.48635 -2.5 
 2.24164  6.46064 -2.5 

# Contour 47, label: 
 5.53636  5.65058 -2.5 
 5.52149  5.63815 -2.5 
 5.48903  5.61245 -2.5 
 5.47273  5.60022 -2.5 
 5.45196  5.58675 -2.5 
 5.41003  5.56104 -2.5 
 5.40909  5.56049 -2.5 
 5.35866  5.53534 -2.5 
 5.34545  5.52907 -2.5 
 5.29615  5.50964 -2.5 
 5.28182  5.50422 -2.5 
 5.21818  5.48483 -2.5 
 5.21443  5.48394 -2.5 
 5.15455  5.47013 -2.5 
 5.09091  5.45947 -2.5 
 5.07983  5.45823 -2.5 
 5.02727  5.45249 -2.5 
 4.96364  5.44888 -2.5 
 4.9  5.44842 -2.5 
 4.83636  5.45103 -2.5 
 4.77273  5.45666 -2.5 

# Contour 48, label: 
 4.39091  7.36795 -2.5 
 4.45455  7.38571 -2.5 
 4.45551  7.38594 -2.5 
 4.51818  7.40007 -2.5 
 4.58106  7.41165 -2.5 
 4.58182  7.41178 -2.5 
 4.64545  7.42081 -2.5 
 4.70909  7.42762 -2.5 
 4.77273  7.43231 -2.5 
 4.83636  7.43493 -2.5 
 4.9  7.43549 -2.5 
 4.96364  7.43396 -2.5 
 5.02727  7.43025 -2.5 
 5.09091  7.42425 -2.5 
 5.15455  7.41575 -2.5 
 5.17809  7.41165 -2.5 
 5.21818  7.4043 -2.5 
 5.28182  7.38955 -2.5 
 5.29459  7.38594 -2.5 
 5.34545  7.37069 -2.5 
 5.37444  7.36024 -2.5 
 5.40909  7.34688 -2.5 
 5.43631  7.33454 -2.5 
 5.47273  7.31672 -2.5 
 5.48667  7.30884 -2.5 
 5.5287  7.28313 -2.5 
 5.53636  7.27808 -2.5 
 5.56392  7.25743 -2.5 
 5.59523  7.23173 -2.5 
 5.6  7.22753 -2.5 
 5.62174  7.20602 -2.5 
 5.64554  7.18032 -2.5 
 5.66364  7.15902 -2.5 
 5.66701  7.15462 -2.5 
 5.68539  7.12892 -2.5 
 5.70222  7.10321 -2.5 
 5.71764  7.07751 -2.5 
 5.72727  7.06012 -2.5 
 5.73148  7.05181 -2.5 
 5.74356  7.0261 -2.5 
 5.75463  7.0004 -2.5 
 5.76478  6.9747 -2.5 
 5.77407  6.949 -2.5 
 5.78257  6.92329 -2.5 
 5.79032  6.89759 -2.5 
 5.79091  6.89547 -2.5 
 5.79697  6.87189 -2.5 
 5.80297  6.84618 -2.5 
 5.8084  6.82048 -2.5 
 5.81328  6.79478 -2.5 
 5.81764  6.76908 -2.5 
 5.8215  6.74337 -2.5 
 5.82489  6.71767 -2.5 
 5.82783  6.69197 -2.5 
 5.83034  6.66627 -2.5 
 5.83242  6.64056 -2.5 
 5.83409  6.61486 -2.5 
 5.83537  6.58916 -2.5 
 5.83625  6.56345 -2.5 
 5.83676  6.53775 -2.5 
 5.83688  6.51205 -2.5 
 5.83664  6.48635 -2.5 
 5.83603  6.46064 -2.5 
 5.83506  6.43494 -2.5 
 5.83372  6.40924 -2.5 
 5.83202  6.38353 -2.5 
 5.82996  6.35783 -2.5 
 5.82752  6.33213 -2.5 
 5.82472  6.30643 -2.5 
 5.82153  6.28072 -2.5 
 5.81797  6.25502 -2.5 
 5.81401  6.22932 -2.5 
 5.80965  6.20361 -2.5 
 5.80488  6.17791 -2.5 
 5.79969  6.15221 -2.5 
 5.79406  6.12651 -2.5 
 5.79091  6.11312 -2.5 
 5.78778  6.1008 -2.5 
 5.78077  6.0751 -2.5 
 5.77324  6.0494 -2.5 
 5.76518  6.02369 -2.5 
 5.75654  5.99799 -2.5 
 5.74731  5.97229 -2.5 
 5.73745  5.94659 -2.5 
 5.72727  5.92169 -2.5 
 5.72691  5.92088 -2.5 
 5.71483  5.89518 -2.5 
 5.70195  5.86948 -2.5 
 5.68823  5.84378 -2.5 
 5.67363  5.81807 -2.5 
 5.66364  5.80145 -2.5 
 5.65758  5.79237 -2.5 
 5.63956  5.76667 -2.5 
 5.62035  5.74096 -2.5 
 5.6  5.7154 -2.5 
 5.59987  5.71526 -2.5 
 5.5759  5.68956 -2.5 
 5.55031  5.66386 -2.5 
 5.53636  5.65058 -2.5 

# Contour 49, label: 
 4.77273  5.45666 -2.5 
 4.76107  5.45823 -2.5 
 4.70909  5.46538 -2.5 
 4.64545  5.47726 -2.5 
 4.61715  5.48394 -2.5 
 4.58182  5.4925 -2.5 
 4.52378  5.50964 -2.5 
 4.51818  5.51134 -2.5 
 4.45455  5.53421 -2.5 
 4.45182  5.53534 -2.5 
 4.39217  5.56104 -2.5 
 4.39091  5.56161 -2.5 
 4.34138  5.58675 -2.5 
 4.32727  5.59425 -2.5 
 4.29658  5.61245 -2.5 
 4.26364  5.63302 -2.5 
 4.25618  5.63815 -2.5 
 4.22039  5.66386 -2.5 
 4.2  5.67931 -2.5 
 4.18757  5.68956 -2.5 
 4.15787  5.71526 -2.5 
 4.13636  5.73496 -2.5 
 4.13028  5.74096 -2.5 
 4.10536  5.76667 -2.5 
 4.08191  5.79237 -2.5 
 4.07273  5.80294 -2.5 
 4.06041  5.81807 -2.5 
 4.04055  5.84378 -2.5 
 4.02184  5.86948 -2.5 
 4.00909  5.888 -2.5 
 4.00442  5.89518 -2.5 
 3.98848  5.92088 -2.5 
 3.97348  5.94659 -2.5 
 3.95937  5.97229 -2.5 
 3.9461  5.99799 -2.5 
 3.94545  5.99931 -2.5 
 3.93403  6.02369 -2.5 
 3.92273  6.0494 -2.5 
 3.91215  6.0751 -2.5 
 3.90225  6.1008 -2.5 
 3.893  6.12651 -2.5 
 3.88439  6.15221 -2.5 
 3.88182  6.16043 -2.5 
 3.87655  6.17791 -2.5 
 3.86936  6.20361 -2.5 
 3.86273  6.22932 -2.5 
 3.85665  6.25502 -2.5 
 3.8511  6.28072 -2.5 
 3.84607  6.30643 -2.5 
 3.84157  6.33213 -2.5 
 3.83756  6.35783 -2.5 
 3.83406  6.38353 -2.5 
 3.83106  6.40924 -2.5 
 3.82855  6.43494 -2.5 
 3.82653  6.46064 -2.5 
 3.82501  6.48635 -2.5 
 3.82398  6.51205 -2.5 
 3.82346  6.53775 -2.5 
 3.82344  6.56345 -2.5 
 3.82394  6.58916 -2.5 
 3.82496  6.61486 -2.5 
 3.82652  6.64056 -2.5 
 3.82863  6.66627 -2.5 
 3.83131  6.69197 -2.5 
 3.83457  6.71767 -2.5 
 3.83845  6.74337 -2.5 
 3.84295  6.76908 -2.5 
 3.84812  6.79478 -2.5 
 3.85398  6.82048 -2.5 
 3.86057  6.84618 -2.5 
 3.86793  6.87189 -2.5 
 3.87611  6.89759 -2.5 
 3.88182  6.91387 -2.5 
 3.88527  6.92329 -2.5 
 3.89556  6.949 -2.5 
 3.90688  6.9747 -2.5 
 3.9193  7.0004 -2.5 
 3.93292  7.0261 -2.5 
 3.94545  7.04776 -2.5 
 3.94792  7.05181 -2.5 
 3.96486  7.07751 -2.5 
 3.98339  7.10321 -2.5 
 4.00368  7.12892 -2.5 
 4.00909  7.13528 -2.5 
 4.02665  7.15462 -2.5 
 4.0521  7.18032 -2.5 
 4.07273  7.19942 -2.5 
 4.08042  7.20602 -2.5 
 4.11274  7.23173 -2.5 
 4.13636  7.24894 -2.5 
 4.14909  7.25743 -2.5 
 4.19082  7.28313 -2.5 
 4.2  7.28838 -2.5 
 4.23966  7.30884 -2.5 
 4.26364  7.32027 -2.5 
 4.29723  7.33454 -2.5 
 4.32727  7.34642 -2.5 
 4.36716  7.36024 -2.5 
 4.39091  7.36795 -2.5 


# Contour 50, label:       -3
 1.65455  6.42753 -3 
 1.60632  6.43494 -3 
 1.59091  6.43772 -3 
 1.55295  6.46064 -3 
 1.52727  6.4796 -3 
 1.52188  6.48635 -3 
 1.50599  6.51205 -3 
 1.49482  6.53775 -3 
 1.48844  6.56345 -3 
 1.48692  6.58916 -3 
 1.49037  6.61486 -3 
 1.49891  6.64056 -3 
 1.51267  6.66627 -3 
 1.52727  6.68588 -3 
 1.53508  6.69197 -3 
 1.57755  6.71767 -3 
 1.59091  6.72424 -3 
 1.65455  6.7327 -3 
 1.71818  6.71829 -3 
 1.71923  6.71767 -3 
 1.75507  6.69197 -3 
 1.78182  6.66755 -3 
 1.78269  6.66627 -3 
 1.79539  6.64056 -3 
 1.80351  6.61486 -3 
 1.80714  6.58916 -3 
 1.80634  6.56345 -3 
 1.80114  6.53775 -3 
 1.79157  6.51205 -3 
 1.78182  6.49402 -3 
 1.775  6.48635 -3 
 1.74504  6.46064 -3 
 1.71818  6.44206 -3 
 1.68972  6.43494 -3 
 1.65455  6.42753 -3 

# Contour 51, label: 
 5.1166  7.30884 -3 
 5.15455  7.30176 -3 
 5.21818  7.28614 -3 
 5.228  7.28313 -3 
 5.28182  7.26562 -3 
 5.30246  7.25743 -3 
 5.34545  7.23921 -3 
 5.36033  7.23173 -3 
 5.4078  7.20602 -3 
 5.40909  7.20528 -3 
 5.44619  7.18032 -3 
 5.47273  7.16091 -3 
 5.48025  7.15462 -3 
 5.50889  7.12892 -3 
 5.53512  7.10321 -3 
 5.53636  7.10191 -3 
 5.55704  7.07751 -3 
 5.57703  7.05181 -3 
 5.59537  7.0261 -3 
 5.6  7.01911 -3 
 5.61116  7.0004 -3 
 5.62527  6.9747 -3 
 5.63819  6.949 -3 
 5.65  6.92329 -3 
 5.66078  6.89759 -3 
 5.66364  6.89017 -3 
 5.67006  6.87189 -3 
 5.67828  6.84618 -3 
 5.6857  6.82048 -3 
 5.69238  6.79478 -3 
 5.69834  6.76908 -3 
 5.70363  6.74337 -3 
 5.70826  6.71767 -3 
 5.71228  6.69197 -3 
 5.71569  6.66627 -3 
 5.71852  6.64056 -3 
 5.72079  6.61486 -3 
 5.7225  6.58916 -3 
 5.72369  6.56345 -3 
 5.72434  6.53775 -3 
 5.72448  6.51205 -3 
 5.72411  6.48635 -3 
 5.72323  6.46064 -3 
 5.72185  6.43494 -3 
 5.71996  6.40924 -3 
 5.71758  6.38353 -3 
 5.71468  6.35783 -3 
 5.71128  6.33213 -3 
 5.70736  6.30643 -3 
 5.70291  6.28072 -3 
 5.69794  6.25502 -3 
 5.69242  6.22932 -3 
 5.68635  6.20361 -3 
 5.67971  6.17791 -3 
 5.67248  6.15221 -3 
 5.66464  6.12651 -3 
 5.66364  6.12341 -3 
 5.65554  6.1008 -3 
 5.64564  6.0751 -3 
 5.63501  6.0494 -3 
 5.6236  6.02369 -3 
 5.6114  5.99799 -3 
 5.6  5.97549 -3 
 5.59819  5.97229 -3 
 5.58292  5.94659 -3 
 5.56661  5.92088 -3 
 5.54923  5.89518 -3 
 5.53636  5.87723 -3 
 5.53009  5.86948 -3 
 5.50819  5.84378 -3 
 5.48487  5.81807 -3 
 5.47273  5.80539 -3 
 5.45844  5.79237 -3 
 5.42866  5.76667 -3 
 5.40909  5.75069 -3 
 5.39517  5.74096 -3 
 5.35647  5.71526 -3 
 5.34545  5.70828 -3 
 5.3101  5.68956 -3 
 5.28182  5.67529 -3 
 5.25395  5.66386 -3 
 5.21818  5.64978 -3 
 5.18032  5.63815 -3 
 5.15455  5.63051 -3 
 5.09091  5.61659 -3 
 5.06249  5.61245 -3 
 5.02727  5.60744 -3 
 4.96364  5.60262 -3 
 4.9  5.60185 -3 
 4.83636  5.60498 -3 
 4.77273  5.61195 -3 

# Contour 52, label: 
 4.77273  5.61195 -3 
 4.76975  5.61245 -3 
 4.70909  5.62292 -3 
 4.64545  5.63792 -3 
 4.64466  5.63815 -3 
 4.58182  5.65738 -3 
 4.56437  5.66386 -3 
 4.51818  5.68164 -3 
 4.50068  5.68956 -3 
 4.45455  5.71132 -3 
 4.44727  5.71526 -3 
 4.40173  5.74096 -3 
 4.39091  5.74735 -3 
 4.36184  5.76667 -3 
 4.32727  5.79091 -3 
 4.32539  5.79237 -3 
 4.29367  5.81807 -3 
 4.26378  5.84378 -3 
 4.26364  5.8439 -3 
 4.23757  5.86948 -3 
 4.21289  5.89518 -3 
 4.2  5.90933 -3 
 4.19027  5.92088 -3 
 4.16972  5.94659 -3 
 4.15038  5.97229 -3 
 4.13636  5.99203 -3 
 4.13241  5.99799 -3 
 4.11623  6.02369 -3 
 4.10105  6.0494 -3 
 4.08682  6.0751 -3 
 4.07352  6.1008 -3 
 4.07273  6.10242 -3 
 4.06163  6.12651 -3 
 4.05059  6.15221 -3 
 4.04034  6.17791 -3 
 4.03086  6.20361 -3 
 4.02211  6.22932 -3 
 4.0141  6.25502 -3 
 4.00909  6.27259 -3 
 4.00688  6.28072 -3 
 4.00053  6.30643 -3 
 3.99483  6.33213 -3 
 3.98978  6.35783 -3 
 3.98537  6.38353 -3 
 3.9816  6.40924 -3 
 3.97845  6.43494 -3 
 3.97594  6.46064 -3 
 3.97406  6.48635 -3 
 3.97281  6.51205 -3 
 3.97221  6.53775 -3 
 3.97225  6.56345 -3 
 3.97295  6.58916 -3 
 3.97433  6.61486 -3 
 3.97639  6.64056 -3 
 3.97916  6.66627 -3 
 3.98266  6.69197 -3 
 3.98691  6.71767 -3 
 3.99194  6.74337 -3 
 3.99778  6.76908 -3 
 4.00447  6.79478 -3 
 4.00909  6.81047 -3 
 4.01219  6.82048 -3 
 4.02108  6.84618 -3 
 4.03101  6.87189 -3 
 4.04204  6.89759 -3 
 4.05424  6.92329 -3 
 4.06768  6.949 -3 
 4.07273  6.95784 -3 
 4.08297  6.9747 -3 
 4.10002  7.0004 -3 
 4.11872  7.0261 -3 
 4.13636  7.04831 -3 
 4.13936  7.05181 -3 
 4.1631  7.07751 -3 
 4.18908  7.10321 -3 
 4.2  7.11321 -3 
 4.21875  7.12892 -3 
 4.25209  7.15462 -3 
 4.26364  7.16288 -3 
 4.29068  7.18032 -3 
 4.32727  7.20208 -3 
 4.33474  7.20602 -3 
 4.38705  7.23173 -3 
 4.39091  7.2335 -3 
 4.45081  7.25743 -3 
 4.45455  7.25883 -3 
 4.51818  7.27919 -3 
 4.53302  7.28313 -3 
 4.58182  7.29539 -3 
 4.64545  7.30813 -3 
 4.65004  7.30884 -3 
 4.70909  7.31747 -3 
 4.77273  7.32391 -3 
 4.83636  7.32753 -3 
 4.9  7.32837 -3 
 4.96364  7.32637 -3 
 5.02727  7.32144 -3 
 5.09091  7.3134 -3 
 5.1166  7.30884 -3 

